5
1
20   20   4   
40
1   10   6   1
2   5   4   1
3   1   10   2
4   1   1   1
5   2   11   1
6   5   10   1
7   1   1   1
8   2   1   1
9   2   5   1
10   5   4   1
11   2   5   1
12   5   10   2
13   5   10   1
14   10   7   1
15   5   5   2
16   5   5   1
17   5   5   2
18   10   8   1
19   5   10   1
20   1   1   1
21   10   2   1
22   5   5   1
23   10   4   1
24   10   5   3
25   5   10   2
26   5   5   1
27   12   10   1
28   2   1   1
29   12   10   1
30   1   1   1
31   6   8   1
32   5   5   2
33   4   12   1
34   5   5   1
35   5   3   2
36   5   3   1
37   5   5   2
38   5   5   1
39   2   2   1
40   1   10   1
2
20   20   4   
39
1   5   3   1
2   4   18   2
3   10   2   1
4   2   18   2
5   3   2   1
6   3   18   2
7   6   4   1
8   6   1   1
9   11   4   1
10   17   1   1
11   3   1   1
12   3   1   2
13   3   19   1
14   3   9   1
15   12   7   1
16   5   4   1
17   1   2   1
18   2   7   1
19   2   2   1
20   3   3   1
21   3   2   3
22   12   2   1
23   17   6   1
24   5   6   1
25   17   2   1
26   1   18   2
27   11   1   1
28   4   2   1
29   7   2   2
30   17   3   1
31   12   10   1
32   3   18   2
33   3   4   1
34   12   1   1
35   17   1   1
36   3   18   2
37   17   2   1
38   4   18   2
39   3   7   1
3
20   20   4   
43
1   3   10   1
2   5   4   2
3   3   1   1
4   10   6   1
5   5   9   1
6   2   4   1
7   1   5   1
8   3   4   2
9   7   11   1
10   5   10   1
11   9   16   1
12   8   9   1
13   5   8   1
14   10   9   1
15   10   7   1
16   10   1   2
17   7   5   1
18   5   9   1
19   5   4   2
20   8   8   1
21   5   10   2
22   17   1   1
23   10   2   1
24   4   8   1
25   10   1   2
26   3   4   1
27   10   2   2
28   10   1   1
29   2   4   1
30   10   6   1
31   10   3   1
32   10   4   1
33   2   5   1
34   17   2   1
35   2   5   1
36   10   3   1
37   5   5   1
38   10   2   1
39   17   1   1
40   8   6   1
41   10   2   1
42   4   8   1
43   3   1   1
4
20   20   4   
29
1   6   19   1
2   1   4   1
3   3   6   1
4   4   1   1
5   19   5   1
6   1   1   1
7   6   6   2
8   3   6   1
9   2   19   3
10   1   4   1
11   1   1   1
12   6   1   2
13   19   1   1
14   2   19   3
15   2   7   1
16   2   14   2
17   2   7   1
18   2   14   3
19   2   19   2
20   2   1   1
21   19   3   1
22   6   14   3
23   2   1   1
24   10   1   1
25   19   6   1
26   4   6   3
27   19   1   1
28   4   19   3
29   1   10   1
5
20   20   4   
31
1   5   10   2
2   10   10   1
3   10   6   1
4   3   8   1
5   5   4   1
6   5   5   2
7   5   8   1
8   10   1   1
9   5   5   2
10   5   5   2
11   10   7   1
12   5   18   1
13   2   8   1
14   10   2   1
15   5   4   3
16   10   2   1
17   5   4   1
18   3   8   1
19   5   8   3
20   1   8   1
21   10   8   1
22   5   5   2
23   5   2   1
24   5   10   2
25   15   12   1
26   1   8   1
27   5   4   3
28   10   2   1
29   10   1   1
30   10   1   1
31   10   4   3