5
1
30   15   5   
36
1   2   9   1
2   7   4   3
3   7   5   1
4   1   9   1
5   4   4   1
6   2   7   1
7   3   9   1
8   7   6   2
9   8   7   1
10   8   6   1
11   8   9   3
12   2   4   1
13   4   8   3
14   1   9   1
15   5   4   1
16   2   8   1
17   1   9   1
18   7   11   1
19   3   4   1
20   7   4   3
21   1   6   1
22   8   8   1
23   4   4   1
24   15   6   1
25   7   9   2
26   4   8   3
27   1   6   1
28   8   6   2
29   12   9   1
30   4   9   1
31   7   7   4
32   26   6   1
33   4   9   1
34   7   8   4
35   8   5   1
36   4   4   1
2
30   15   5   
32
1   1   5   1
2   6   3   2
3   4   7   1
4   3   4   1
5   6   7   1
6   3   5   1
7   2   8   2
8   7   7   1
9   2   5   1
10   6   11   2
11   10   11   2
12   6   7   3
13   10   4   2
14   6   4   1
15   14   7   2
16   6   4   2
17   6   8   2
18   27   8   1
19   7   7   1
20   3   4   1
21   2   8   2
22   6   8   2
23   3   5   1
24   12   7   2
25   4   4   2
26   12   8   2
27   2   4   2
28   2   7   1
29   6   4   2
30   4   7   1
31   10   8   2
32   3   7   1
3
30   15   5   
44
1   2   13   1
2   16   8   1
3   1   12   1
4   1   14   1
5   7   4   2
6   4   4   2
7   10   1   1
8   7   6   1
9   7   7   1
10   7   4   1
11   4   9   1
12   1   2   2
13   4   4   2
14   2   2   1
15   15   8   1
16   10   1   1
17   8   4   2
18   9   8   1
19   21   11   1
20   7   7   1
21   5   9   1
22   9   7   1
23   4   4   1
24   4   1   1
25   8   6   1
26   2   7   1
27   8   5   1
28   1   1   1
29   11   4   1
30   7   5   1
31   15   11   1
32   3   4   1
33   8   7   1
34   1   2   1
35   7   4   2
36   4   6   1
37   14   7   1
38   1   13   1
39   28   14   1
40   5   6   1
41   10   4   1
42   1   2   1
43   2   13   1
44   5   1   1
4
30   15   5   
31
1   3   4   3
2   2   3   1
3   6   5   1
4   3   3   1
5   7   5   1
6   6   8   1
7   3   4   3
8   13   10   1
9   2   8   1
10   4   8   3
11   25   7   1
12   1   8   1
13   4   8   3
14   15   3   1
15   2   5   1
16   15   7   1
17   15   2   3
18   7   7   2
19   13   12   1
20   2   12   1
21   4   4   3
22   1   8   1
23   4   7   2
24   4   4   3
25   7   8   1
26   5   12   1
27   2   10   1
28   1   8   1
29   4   7   2
30   7   8   1
31   15   13   3
5
30   15   5   
25
1   23   2   1
2   2   2   4
3   2   3   1
4   2   1   4
5   23   2   1
6   23   1   1
7   28   13   2
8   23   1   1
9   2   1   3
10   2   5   4
11   2   1   1
12   2   1   3
13   28   2   4
14   23   1   1
15   23   7   1
16   28   1   2
17   7   1   1
18   2   1   3
19   28   12   2
20   2   2   1
21   7   14   1
22   23   1   1
23   2   1   1
24   2   2   4
25   2   2   2