5
1
30   15   7   
42
1   4   8   1
2   4   7   1
3   5   8   2
4   4   8   1
5   7   11   2
6   10   8   1
7   15   4   2
8   11   8   1
9   5   4   1
10   4   4   4
11   2   2   1
12   8   8   1
13   1   11   1
14   11   7   2
15   6   3   1
16   3   4   1
17   3   2   2
18   8   2   1
19   8   13   2
20   5   2   2
21   1   11   1
22   21   8   1
23   6   11   1
24   4   4   4
25   9   7   4
26   11   8   2
27   10   8   1
28   5   3   1
29   2   8   1
30   4   7   1
31   2   2   2
32   8   11   1
33   22   12   1
34   5   4   1
35   3   2   1
36   4   3   1
37   11   7   2
38   10   7   4
39   5   4   1
40   7   13   2
41   5   3   1
42   2   4   1
2
30   15   7   
39
1   7   8   2
2   13   2   1
3   6   10   1
4   12   7   1
5   22   6   1
6   5   12   2
7   18   8   2
8   3   7   1
9   7   7   1
10   4   7   1
11   6   5   1
12   4   3   1
13   3   7   1
14   4   4   2
15   22   5   1
16   7   7   1
17   4   8   2
18   7   10   1
19   4   4   3
20   2   7   2
21   8   8   1
22   3   7   2
23   15   8   3
24   13   1   1
25   8   7   3
26   8   1   1
27   4   7   1
28   15   7   3
29   13   12   1
30   1   10   1
31   6   7   2
32   8   7   4
33   9   7   1
34   3   10   1
35   5   3   2
36   11   4   1
37   11   4   1
38   2   7   2
39   11   5   1
3
30   15   7   
34
1   8   2   2
2   22   5   1
3   22   5   1
4   8   1   3
5   22   7   1
6   8   3   1
7   15   4   1
8   22   3   3
9   8   1   1
10   15   7   4
11   15   1   1
12   7   4   4
13   4   4   2
14   15   8   3
15   8   1   3
16   8   1   1
17   15   3   1
18   15   8   1
19   8   7   1
20   7   4   1
21   8   3   3
22   4   3   3
23   7   7   3
24   4   4   1
25   7   3   1
26   8   2   1
27   7   4   1
28   7   8   2
29   8   8   3
30   4   4   2
31   22   12   1
32   22   7   1
33   8   7   1
34   8   8   1
4
30   15   7   
34
1   4   11   3
2   5   11   1
3   5   11   2
4   1   7   3
5   3   11   1
6   1   12   1
7   29   7   1
8   3   4   1
9   11   11   1
10   2   7   1
11   1   4   1
12   15   3   1
13   7   8   1
14   7   8   1
15   1   3   1
16   1   7   3
17   15   4   1
18   18   6   1
19   6   4   1
20   9   7   4
21   15   2   1
22   2   4   1
23   15   8   1
24   15   1   1
25   15   6   1
26   1   11   4
27   19   11   1
28   9   11   3
29   15   1   1
30   19   4   4
31   11   8   4
32   12   11   1
33   18   9   1
34   15   2   1
5
30   15   7   
36
1   25   2   1
2   5   11   5
3   5   1   1
4   25   4   1
5   14   14   1
6   25   1   1
7   1   7   1
8   14   1   1
9   25   4   5
10   25   1   1
11   25   2   1
12   8   1   1
13   1   1   1
14   3   8   1
15   9   8   1
16   25   8   4
17   15   4   1
18   15   3   1
19   25   3   1
20   5   1   5
21   7   7   1
22   22   14   1
23   1   2   1
24   7   2   1
25   5   2   5
26   4   5   1
27   1   14   1
28   25   1   1
29   4   5   1
30   5   1   2
31   3   8   1
32   25   1   1
33   25   3   2
34   5   1   2
35   22   1   1
36   25   2   1