5
1
20   20   6   
30
1   10   10   4
2   3   5   1
3   3   5   4
4   6   5   1
5   10   10   3
6   6   5   2
7   4   5   2
8   19   1   1
9   5   5   2
10   6   5   1
11   1   7   1
12   6   10   1
13   5   5   2
14   10   9   1
15   3   5   1
16   2   5   1
17   5   5   1
18   2   5   1
19   2   5   2
20   6   5   2
21   3   5   1
22   9   10   1
23   9   9   1
24   7   10   2
25   2   5   1
26   10   10   3
27   7   5   2
28   5   5   2
29   14   10   2
30   1   13   1
2
20   20   6   
36
1   2   6   1
2   2   16   3
3   8   14   1
4   3   1   1
5   2   6   1
6   1   10   1
7   3   10   3
8   1   10   3
9   5   19   1
10   10   18   1
11   1   10   1
12   2   10   2
13   2   2   1
14   1   10   2
15   2   1   1
16   1   16   3
17   3   10   1
18   2   4   1
19   16   4   2
20   10   10   1
21   8   2   1
22   13   1   1
23   2   14   1
24   13   16   3
25   2   10   1
26   1   9   1
27   1   9   1
28   10   10   1
29   2   10   2
30   6   6   1
31   1   10   1
32   14   4   1
33   2   1   1
34   13   19   1
35   8   10   1
36   8   10   1
3
20   20   6   
39
1   4   4   3
2   15   4   1
3   15   6   1
4   5   9   1
5   6   4   1
6   4   16   4
7   4   6   2
8   4   3   1
9   16   8   3
10   4   3   1
11   4   4   2
12   2   4   1
13   18   16   1
14   10   10   1
15   1   10   1
16   15   6   1
17   4   1   1
18   3   4   1
19   15   4   1
20   4   3   1
21   6   4   1
22   5   10   1
23   5   1   1
24   2   4   1
25   16   8   2
26   6   4   1
27   6   16   1
28   4   3   1
29   4   3   1
30   16   1   1
31   16   6   1
32   16   1   1
33   10   4   1
34   1   10   1
35   10   6   1
36   4   6   2
37   1   10   1
38   3   4   1
39   1   10   1
4
20   20   6   
42
1   10   2   1
2   5   10   1
3   9   3   1
4   5   5   1
5   10   2   3
6   9   2   1
7   1   3   1
8   2   2   1
9   1   1   1
10   5   5   1
11   11   2   1
12   10   13   1
13   10   3   1
14   5   10   1
15   1   5   1
16   8   5   1
17   5   10   1
18   8   5   1
19   5   10   1
20   19   5   1
21   5   10   1
22   11   10   1
23   19   10   1
24   5   5   1
25   10   15   2
26   11   8   1
27   9   4   1
28   2   5   2
29   9   5   1
30   1   3   1
31   8   5   2
32   10   16   1
33   5   10   1
34   8   10   2
35   8   2   1
36   8   10   1
37   1   1   1
38   19   5   1
39   5   5   1
40   10   2   3
41   9   6   1
42   1   7   1
5
20   20   6   
34
1   15   10   1
2   14   4   1
3   3   5   2
4   5   10   4
5   14   1   1
6   3   5   2
7   14   1   1
8   10   10   1
9   5   5   1
10   3   10   1
11   5   5   4
12   5   10   4
13   2   5   3
14   5   5   1
15   7   5   1
16   5   5   1
17   2   5   1
18   2   2   1
19   12   2   1
20   5   10   4
21   6   1   1
22   10   10   4
23   3   5   1
24   5   10   2
25   14   2   1
26   5   10   2
27   5   5   1
28   5   10   1
29   6   9   1
30   14   10   1
31   8   10   1
32   2   10   1
33   6   10   1
34   4   5   1