5
1
35   25   3   
35
1   5   10   2
2   6   9   1
3   5   6   2
4   5   5   1
5   2   13   1
6   11   10   2
7   6   9   2
8   6   10   2
9   7   6   1
10   5   12   1
11   13   6   2
12   13   13   1
13   5   9   2
14   5   9   1
15   1   12   1
16   7   12   1
17   5   7   1
18   4   6   1
19   2   13   1
20   7   6   1
21   13   10   2
22   5   4   1
23   7   6   1
24   11   6   1
25   13   9   1
26   6   6   1
27   2   13   1
28   1   12   1
29   7   13   1
30   6   9   2
31   11   6   2
32   7   12   1
33   7   6   1
34   4   7   1
35   7   9   1
2
35   25   3   
29
1   16   23   1
2   3   10   1
3   2   14   1
4   5   14   1
5   1   14   1
6   6   15   1
7   2   14   1
8   16   2   1
9   6   6   2
10   1   2   1
11   9   14   1
12   11   15   1
13   1   2   1
14   12   2   1
15   11   15   2
16   5   10   1
17   7   12   2
18   6   10   2
19   16   9   1
20   13   13   2
21   5   10   2
22   1   15   1
23   6   5   2
24   2   2   1
25   6   5   2
26   2   10   1
27   3   11   1
28   6   6   2
29   4   15   1
3
35   25   3   
31
1   18   5   2
2   8   5   1
3   2   12   1
4   5   12   1
5   9   5   1
6   2   12   1
7   8   3   1
8   2   12   1
9   17   1   2
10   9   12   1
11   17   5   2
12   18   1   2
13   17   8   2
14   9   3   1
15   2   12   1
16   9   12   1
17   2   12   1
18   17   5   1
19   2   12   1
20   18   7   1
21   17   2   2
22   14   12   1
23   18   6   1
24   18   13   1
25   17   3   1
26   2   12   1
27   9   13   1
28   17   13   1
29   17   1   2
30   9   13   1
31   2   12   1
4
35   25   3   
28
1   8   5   1
2   9   5   1
3   8   12   1
4   18   3   1
5   17   10   1
6   4   6   1
7   4   6   1
8   7   13   2
9   8   6   2
10   5   5   1
11   18   1   1
12   9   9   1
13   4   6   1
14   8   7   2
15   7   6   2
16   8   4   1
17   10   10   2
18   17   2   1
19   9   16   1
20   17   4   1
21   9   16   1
22   7   6   2
23   10   9   2
24   4   5   1
25   10   9   2
26   20   6   2
27   4   6   1
28   10   10   2
5
35   25   3   
33
1   2   5   2
2   8   2   1
3   1   20   1
4   5   4   1
5   5   10   1
6   1   5   2
7   4   20   1
8   13   5   1
9   7   5   2
10   2   20   1
11   1   5   1
12   15   13   1
13   8   22   1
14   13   20   1
15   4   20   1
16   5   5   2
17   7   4   1
18   4   20   1
19   8   4   1
20   18   20   1
21   7   5   1
22   2   5   1
23   30   12   1
24   7   9   1
25   8   7   1
26   6   5   1
27   1   20   1
28   1   20   2
29   3   20   1
30   10   20   1
31   9   5   1
32   8   3   1
33   5   5   1
