5
1
20   20   5   
39
1   7   5   1
2   1   3   2
3   16   1   1
4   16   1   1
5   4   1   1
6   3   3   2
7   4   3   3
8   16   1   1
9   10   12   1
10   16   17   3
11   4   5   2
12   4   9   1
13   4   1   1
14   10   1   1
15   16   6   1
16   7   8   1
17   3   3   1
18   2   2   1
19   16   10   1
20   10   4   1
21   4   1   1
22   16   1   1
23   1   2   1
24   10   1   1
25   3   8   1
26   10   1   1
27   4   17   3
28   3   5   4
29   4   1   1
30   5   4   1
31   2   1   1
32   4   4   1
33   1   1   1
34   4   3   2
35   1   3   3
36   2   3   2
37   10   2   1
38   10   2   1
39   4   1   1
2
20   20   5   
44
1   9   5   2
2   2   2   1
3   10   11   1
4   8   5   2
5   2   1   1
6   1   6   1
7   10   11   1
8   10   2   1
9   2   11   1
10   9   1   1
11   9   5   1
12   2   5   1
13   9   5   2
14   1   10   2
15   3   10   1
16   19   1   1
17   19   1   1
18   4   7   1
19   5   19   1
20   8   5   2
21   9   11   1
22   9   10   1
23   10   8   1
24   3   10   2
25   5   7   1
26   2   8   1
27   9   1   1
28   1   4   1
29   2   10   3
30   2   11   1
31   9   9   1
32   4   5   1
33   1   10   3
34   10   4   1
35   4   5   1
36   10   4   1
37   9   5   1
38   10   2   1
39   9   10   1
40   8   5   2
41   1   10   1
42   10   5   1
43   10   7   1
44   8   5   1
3
20   20   5   
40
1   5   18   1
2   5   5   3
3   5   2   1
4   5   7   1
5   5   12   1
6   5   3   2
7   5   6   1
8   5   5   1
9   10   1   1
10   3   5   1
11   5   4   1
12   5   10   3
13   5   8   1
14   5   3   1
15   5   5   1
16   10   1   1
17   10   6   1
18   5   5   3
19   5   4   1
20   5   3   1
21   5   10   3
22   5   2   1
23   10   7   3
24   5   4   2
25   5   3   1
26   5   5   3
27   10   13   1
28   10   8   2
29   5   7   1
30   10   1   1
31   5   18   1
32   5   7   1
33   5   6   1
34   10   6   1
35   5   8   1
36   2   5   1
37   5   4   1
38   5   6   1
39   5   6   1
40   10   1   1
4
20   20   5   
35
1   1   10   2
2   2   8   1
3   19   2   1
4   1   2   4
5   9   5   1
6   1   9   1
7   1   10   3
8   3   12   1
9   1   5   1
10   7   12   1
11   3   9   1
12   9   10   3
13   2   8   1
14   10   9   1
15   1   18   3
16   6   2   1
17   1   2   1
18   10   3   1
19   19   14   1
20   6   18   1
21   3   2   1
22   9   10   2
23   4   8   1
24   10   8   1
25   9   18   2
26   1   1   1
27   10   2   1
28   4   2   1
29   6   2   1
30   3   9   1
31   2   8   1
32   9   5   1
33   1   3   1
34   9   2   4
35   1   8   1
5
20   20   5   
40
1   6   2   4
2   4   4   1
3   3   5   1
4   6   2   1
5   3   5   1
6   15   10   1
7   6   4   1
8   4   2   2
9   5   8   1
10   2   2   1
11   6   1   1
12   5   3   1
13   2   2   1
14   6   5   1
15   9   2   1
16   5   18   1
17   6   9   1
18   3   5   1
19   2   18   2
20   1   5   1
21   10   18   1
22   5   2   1
23   5   12   1
24   6   2   1
25   10   2   2
26   9   16   1
27   6   2   1
28   1   16   1
29   11   4   1
30   3   5   1
31   11   7   1
32   4   18   3
33   2   5   1
34   6   18   1
35   5   4   1
36   2   18   2
37   6   5   1
38   3   5   1
39   6   9   1
40   6   18   2