5
1
35   25   6   
39
1   5   2   1
2   2   2   1
3   2   7   1
4   30   7   1
5   9   13   1
6   30   2   1
7   30   7   2
8   26   1   1
9   30   1   1
10   5   1   1
11   26   5   1
12   5   7   3
13   5   1   1
14   30   1   1
15   2   3   1
16   5   1   1
17   33   3   2
18   9   7   1
19   5   9   4
20   33   17   2
21   5   7   3
22   33   3   2
23   26   2   1
24   2   1   1
25   33   2   2
26   2   13   2
27   30   3   3
28   26   9   1
29   5   1   1
30   30   3   1
31   2   6   1
32   26   6   1
33   30   5   1
34   26   1   1
35   26   1   1
36   30   7   1
37   2   5   1
38   30   2   1
39   30   12   2
2
35   25   6   
30
1   3   12   1
2   13   20   1
3   4   6   2
4   9   7   5
5   4   7   2
6   5   7   2
7   5   6   1
8   9   6   3
9   4   6   2
10   8   12   2
11   18   12   5
12   1   6   1
13   5   7   2
14   18   13   1
15   17   13   5
16   4   20   1
17   17   12   2
18   5   6   2
19   4   7   2
20   15   12   1
21   9   6   1
22   17   5   1
23   9   12   1
24   5   6   2
25   8   12   1
26   3   6   1
27   9   7   1
28   9   12   2
29   5   6   1
30   4   6   1
3
35   25   6   
37
1   6   11   2
2   6   12   1
3   23   6   1
4   6   11   1
5   6   11   4
6   10   5   1
7   12   14   1
8   6   6   1
9   6   6   1
10   11   5   1
11   11   5   1
12   10   5   1
13   6   5   1
14   14   3   1
15   6   6   1
16   24   14   1
17   6   5   1
18   6   5   1
19   6   11   2
20   11   11   4
21   11   19   1
22   6   6   1
23   10   15   1
24   12   14   2
25   6   11   4
26   11   12   3
27   14   13   1
28   6   11   1
29   14   9   1
30   12   19   1
31   11   15   1
32   11   2   4
33   12   14   1
34   12   13   1
35   6   5   1
36   12   14   2
37   6   12   1
4
35   25   6   
39
1   17   11   1
2   11   10   1
3   17   12   1
4   9   6   4
5   22   4   1
6   9   6   1
7   4   5   1
8   11   5   1
9   8   12   4
10   11   10   1
11   9   12   4
12   9   5   1
13   11   5   1
14   9   6   1
15   9   5   1
16   13   16   1
17   9   6   1
18   9   12   3
19   22   1   1
20   8   7   2
21   17   2   1
22   13   4   1
23   8   6   1
24   9   10   1
25   5   5   1
26   6   5   1
27   8   7   1
28   9   7   1
29   18   13   4
30   9   10   1
31   9   10   1
32   9   6   4
33   11   5   1
34   8   13   1
35   11   5   1
36   7   5   1
37   9   13   3
38   9   5   1
39   8   6   2
5
35   25   6   
37
1   19   7   1
2   7   12   1
3   3   12   1
4   17   4   3
5   1   1   1
6   17   9   4
7   18   9   3
8   10   13   1
9   17   1   4
10   11   12   1
11   17   1   4
12   15   8   1
13   18   12   4
14   5   12   1
15   18   1   1
16   14   13   1
17   19   8   1
18   1   12   1
19   19   4   1
20   17   1   3
21   15   1   1
22   16   13   1
23   19   5   1
24   18   1   2
25   1   12   1
26   19   1   1
27   18   3   2
28   18   13   1
29   17   5   1
30   17   9   4
31   18   2   1
32   18   1   1
33   7   13   1
34   1   11   1
35   7   12   1
36   4   13   1
37   15   3   1