5
1
20   20   3   
41
1   6   1   2
2   7   3   1
3   6   12   1
4   15   5   1
5   1   3   1
6   1   1   1
7   6   2   1
8   10   1   2
9   5   1   2
10   1   1   1
11   5   14   1
12   4   3   1
13   10   2   1
14   15   7   1
15   10   8   1
16   3   5   1
17   1   4   2
18   7   1   1
19   7   5   1
20   10   7   1
21   4   7   1
22   4   3   1
23   7   2   1
24   15   3   1
25   15   2   1
26   6   4   1
27   1   1   1
28   10   7   1
29   3   5   2
30   10   2   1
31   4   1   3
32   6   3   2
33   2   5   2
34   6   8   1
35   4   1   1
36   6   7   1
37   4   2   1
38   1   1   1
39   7   12   1
40   6   1   1
41   4   4   1
2
20   20   3   
43
1   1   1   2
2   4   4   1
3   10   9   1
4   7   5   1
5   2   2   1
6   2   5   1
7   1   5   2
8   1   5   1
9   7   13   1
10   2   9   1
11   1   11   1
12   3   7   2
13   1   7   1
14   4   3   1
15   1   1   1
16   5   13   1
17   1   4   1
18   11   9   1
19   5   9   1
20   1   1   1
21   1   7   2
22   1   2   2
23   1   2   1
24   9   7   1
25   4   2   1
26   7   5   1
27   5   9   1
28   1   2   1
29   3   7   1
30   10   1   1
31   3   12   1
32   4   2   1
33   1   13   1
34   6   5   2
35   1   13   1
36   11   4   1
37   1   7   1
38   13   10   1
39   1   11   1
40   10   5   1
41   2   5   2
42   5   7   1
43   1   1   1
3
20   20   3   
44
1   15   1   1
2   4   4   1
3   3   14   1
4   2   2   1
5   3   14   1
6   3   4   2
7   3   8   1
8   4   14   1
9   15   1   1
10   4   1   1
11   1   17   1
12   2   4   3
13   6   7   1
14   5   7   1
15   4   1   1
16   7   1   1
17   4   2   2
18   3   2   1
19   9   14   1
20   4   3   1
21   7   3   1
22   4   3   2
23   1   7   1
24   4   7   1
25   10   1   1
26   3   2   1
27   4   2   1
28   3   2   1
29   4   7   1
30   8   9   1
31   1   15   1
32   6   2   1
33   1   3   1
34   4   1   1
35   5   17   1
36   3   2   1
37   4   17   1
38   4   8   1
39   1   1   1
40   5   3   1
41   9   17   1
42   3   4   2
43   1   1   1
44   10   4   1
4
20   20   3   
44
1   2   7   1
2   1   12   1
3   3   1   1
4   1   5   2
5   8   5   1
6   5   3   2
7   7   5   1
8   1   6   2
9   6   2   1
10   6   9   1
11   1   8   1
12   1   10   1
13   1   14   1
14   4   8   1
15   1   10   1
16   1   5   2
17   2   8   1
18   1   1   1
19   5   5   1
20   5   18   1
21   1   8   1
22   1   8   1
23   1   2   1
24   7   6   1
25   9   10   1
26   8   10   1
27   2   18   1
28   7   5   1
29   2   14   1
30   1   7   1
31   3   4   1
32   2   2   1
33   2   18   1
34   6   5   1
35   5   3   2
36   14   5   1
37   2   10   2
38   7   14   1
39   3   6   1
40   1   2   1
41   3   10   1
42   2   7   1
43   1   18   1
44   4   6   1
5
20   20   3   
46
1   5   3   1
2   6   5   1
3   6   5   1
4   1   8   1
5   7   1   2
6   1   18   1
7   4   3   1
8   3   9   1
9   7   3   1
10   6   9   1
11   9   8   1
12   1   18   1
13   7   5   1
14   2   18   1
15   4   2   1
16   4   5   1
17   7   1   1
18   5   2   1
19   4   1   1
20   10   17   2
21   3   5   1
22   4   1   1
23   1   2   1
24   7   1   1
25   10   1   1
26   3   5   1
27   4   2   1
28   7   9   1
29   10   2   1
30   10   1   1
31   3   5   1
32   6   1   1
33   5   3   1
34   5   2   1
35   7   5   1
36   2   18   1
37   4   5   1
38   1   12   1
39   5   3   2
40   1   18   1
41   3   1   1
42   4   4   1
43   5   3   1
44   4   3   2
45   4   1   1
46   4   2   1