5
1
35   25   7   
36
1   9   7   1
2   18   1   1
3   17   1   1
4   17   2   1
5   9   18   1
6   18   3   1
7   9   3   1
8   18   7   1
9   4   6   1
10   9   3   1
11   9   18   3
12   18   7   1
13   17   7   1
14   4   6   1
15   17   10   1
16   17   13   1
17   9   18   3
18   9   6   4
19   9   7   1
20   9   2   1
21   9   7   5
22   18   7   2
23   9   7   1
24   18   8   2
25   18   2   1
26   8   7   4
27   8   7   1
28   8   6   4
29   9   5   1
30   18   18   1
31   9   18   1
32   17   14   1
33   18   5   2
34   17   12   5
35   18   11   1
36   17   3   1
2
35   25   7   
42
1   7   4   1
2   31   16   1
3   1   12   2
4   5   12   1
5   4   9   1
6   4   3   1
7   1   13   1
8   7   6   1
9   4   2   1
10   7   6   1
11   12   4   1
12   6   13   1
13   11   2   4
14   1   5   1
15   34   21   1
16   1   2   1
17   1   12   1
18   4   1   1
19   1   19   1
20   7   4   1
21   27   13   1
22   6   4   2
23   4   4   1
24   28   6   1
25   31   5   1
26   13   2   1
27   31   2   1
28   4   12   3
29   1   1   1
30   7   3   1
31   9   3   1
32   11   13   3
33   28   6   1
34   6   12   4
35   11   2   1
36   12   2   2
37   9   1   1
38   7   6   1
39   1   2   3
40   31   2   1
41   24   23   4
42   5   13   1
3
35   25   7   
44
1   4   14   1
2   19   13   1
3   17   20   2
4   18   21   2
5   12   18   1
6   2   11   1
7   13   18   1
8   5   7   1
9   18   6   2
10   2   14   1
11   4   9   1
12   17   12   1
13   7   18   1
14   8   13   1
15   18   10   1
16   18   7   1
17   4   10   1
18   10   3   1
19   8   12   2
20   14   10   1
21   13   18   1
22   2   7   1
23   14   9   2
24   17   13   1
25   9   6   2
26   9   6   2
27   16   12   1
28   6   7   1
29   2   12   1
30   9   13   1
31   17   2   2
32   5   6   1
33   18   9   1
34   17   1   2
35   17   2   2
36   18   4   2
37   1   13   1
38   10   11   1
39   6   7   1
40   7   7   1
41   10   11   1
42   6   7   1
43   13   11   1
44   10   13   1
4
35   25   7   
28
1   22   18   1
2   13   1   6
3   18   12   1
4   22   14   1
5   13   2   4
6   22   4   1
7   13   10   1
8   17   17   1
9   22   4   4
10   22   10   3
11   22   3   1
12   13   2   1
13   22   7   1
14   22   4   3
15   13   12   6
16   18   12   1
17   18   1   1
18   13   10   1
19   17   1   1
20   13   8   2
21   22   4   3
22   13   10   1
23   17   7   1
24   13   12   1
25   13   2   2
26   22   3   4
27   22   18   1
28   22   4   1
5
35   25   7   
36
1   11   10   1
2   5   5   1
3   11   23   1
4   18   2   1
5   15   12   1
6   1   18   2
7   8   7   1
8   8   7   1
9   11   11   1
10   11   4   1
11   18   23   1
12   1   1   2
13   19   10   3
14   10   5   1
15   2   12   1
16   11   4   1
17   13   18   1
18   17   11   1
19   19   10   3
20   20   24   2
21   11   11   1
22   13   9   1
23   13   9   1
24   10   5   1
25   11   10   1
26   16   7   1
27   13   2   1
28   16   18   3
29   2   23   1
30   16   7   1
31   17   2   1
32   20   1   2
33   1   24   2
34   9   5   3
35   14   7   2
36   5   5   1
