5
1
30   15   6   
38
1   4   4   2
2   4   4   1
3   1   3   1
4   4   5   1
5   1   5   1
6   4   7   3
7   1   7   1
8   4   7   4
9   7   4   2
10   15   13   1
11   7   10   1
12   8   14   1
13   8   7   1
14   2   6   1
15   7   14   1
16   7   7   3
17   15   8   1
18   7   4   2
19   4   8   4
20   15   1   1
21   12   13   1
22   15   11   3
23   3   7   1
24   7   7   1
25   29   1   1
26   7   8   1
27   4   4   2
28   8   7   2
29   4   4   1
30   2   7   1
31   3   5   1
32   4   5   1
33   8   10   1
34   8   8   1
35   7   4   3
36   29   1   1
37   4   5   1
38   4   8   2
2
30   15   6   
34
1   3   7   1
2   23   3   1
3   14   1   1
4   7   7   2
5   14   3   1
6   7   10   1
7   8   11   4
8   7   7   1
9   23   1   1
10   8   7   4
11   8   8   5
12   7   1   1
13   4   4   2
14   7   3   1
15   23   3   1
16   23   2   1
17   7   5   1
18   7   6   3
19   7   5   3
20   23   1   1
21   7   10   1
22   7   6   1
23   8   8   1
24   14   1   1
25   8   4   2
26   4   7   1
27   16   1   1
28   16   5   1
29   7   8   4
30   16   1   1
31   4   4   2
32   7   11   1
33   7   4   4
34   23   5   1
3
30   15   6   
45
1   26   3   1
2   3   5   1
3   7   4   2
4   4   3   2
5   5   7   1
6   13   5   1
7   4   10   1
8   5   8   1
9   25   2   1
10   9   5   1
11   25   3   1
12   13   5   1
13   13   4   1
14   26   1   2
15   4   1   1
16   3   5   1
17   8   7   2
18   26   4   1
19   26   5   1
20   4   1   2
21   25   1   1
22   7   14   2
23   8   7   2
24   5   3   1
25   4   3   1
26   3   1   1
27   4   4   1
28   7   10   1
29   15   8   1
30   25   7   1
31   8   8   2
32   4   4   1
33   25   2   1
34   15   7   1
35   1   7   1
36   7   7   1
37   12   1   1
38   1   7   1
39   5   4   1
40   7   4   2
41   8   10   1
42   15   1   1
43   26   7   1
44   8   7   2
45   13   4   1
4
30   15   6   
30
1   4   3   2
2   7   4   1
3   7   7   1
4   7   7   1
5   6   2   1
6   7   3   5
7   8   8   5
8   8   6   1
9   4   3   3
10   7   4   1
11   7   4   1
12   4   3   5
13   8   6   1
14   7   12   2
15   15   12   1
16   8   5   1
17   7   8   5
18   8   12   1
19   11   10   1
20   7   4   1
21   3   5   1
22   8   6   1
23   7   12   2
24   3   5   1
25   8   6   1
26   6   2   1
27   5   5   1
28   4   5   1
29   12   8   2
30   15   7   4
5
30   15   6   
40
1   15   8   1
2   9   12   3
3   14   1   1
4   4   4   2
5   1   12   3
6   15   1   2
7   7   3   1
8   4   4   2
9   9   14   1
10   4   4   1
11   14   1   1
12   22   5   1
13   8   7   1
14   13   14   2
15   8   8   1
16   14   9   1
17   1   1   1
18   4   12   2
19   14   1   1
20   4   4   1
21   15   3   3
22   4   14   1
23   1   12   3
24   1   11   1
25   4   12   1
26   7   11   1
27   22   2   1
28   8   6   1
29   8   1   1
30   22   5   1
31   7   3   2
32   4   7   1
33   7   4   1
34   1   14   3
35   14   1   1
36   22   1   1
37   1   14   3
38   22   2   1
39   16   11   1
40   7   11   1