5
1
20   20   8   
42
1   8   19   6
2   1   10   2
3   17   1   1
4   8   1   5
5   4   3   1
6   1   10   1
7   1   10   1
8   8   5   1
9   16   15   1
10   1   5   1
11   2   10   1
12   17   19   1
13   1   10   2
14   5   10   6
15   2   10   1
16   2   10   1
17   1   10   2
18   1   5   1
19   4   7   1
20   4   2   1
21   3   5   1
22   4   10   6
23   4   10   2
24   1   10   1
25   1   5   1
26   3   10   1
27   4   1   1
28   2   1   1
29   3   10   6
30   6   1   1
31   1   5   1
32   3   10   1
33   8   5   1
34   7   10   5
35   4   1   1
36   1   10   2
37   4   5   1
38   3   5   1
39   2   5   1
40   4   10   1
41   2   10   1
42   4   1   1
2
20   20   8   
33
1   4   9   1
2   9   9   1
3   4   5   1
4   5   10   6
5   5   4   1
6   5   5   1
7   5   1   7
8   7   10   1
9   5   5   1
10   5   9   1
11   5   4   5
12   5   5   4
13   4   5   3
14   7   5   1
15   4   5   1
16   15   10   7
17   2   3   1
18   8   5   7
19   7   10   2
20   8   5   2
21   5   10   1
22   4   5   3
23   2   8   1
24   7   5   1
25   7   5   1
26   18   2   1
27   7   10   2
28   8   5   1
29   9   18   1
30   5   9   1
31   2   8   1
32   7   5   1
33   2   1   1
3
20   20   8   
42
1   18   1   1
2   4   5   3
3   5   9   2
4   5   6   1
5   10   1   2
6   10   3   1
7   10   4   1
8   10   7   1
9   10   2   1
10   10   10   2
11   4   5   2
12   5   4   1
13   3   5   5
14   10   13   1
15   7   10   3
16   2   3   1
17   5   5   1
18   5   4   2
19   8   10   5
20   10   8   1
21   5   11   3
22   10   4   1
23   2   1   1
24   7   10   1
25   7   5   5
26   5   11   1
27   10   1   1
28   7   5   1
29   10   1   1
30   9   13   1
31   5   5   2
32   10   8   1
33   18   1   1
34   10   1   1
35   9   13   1
36   2   1   1
37   8   10   5
38   2   15   1
39   7   5   1
40   10   6   1
41   5   5   1
42   18   5   1
4
20   20   8   
34
1   10   2   1
2   10   1   2
3   2   1   1
4   10   5   1
5   10   4   2
6   1   1   1
7   17   1   3
8   10   7   1
9   17   3   2
10   3   9   1
11   10   4   2
12   3   5   1
13   1   5   1
14   10   1   2
15   10   9   2
16   3   5   5
17   2   5   1
18   3   19   1
19   3   14   2
20   10   10   1
21   2   7   1
22   10   3   1
23   3   13   1
24   17   7   5
25   3   1   4
26   3   5   1
27   17   3   1
28   10   13   1
29   3   9   2
30   17   2   2
31   1   7   1
32   17   10   5
33   14   19   1
34   10   2   1
5
20   20   8   
35
1   14   10   2
2   5   2   1
3   5   18   1
4   6   10   1
5   10   1   1
6   14   2   2
7   10   11   1
8   14   2   2
9   14   6   2
10   10   1   2
11   5   2   1
12   6   6   1
13   6   4   1
14   10   15   3
15   10   3   1
16   5   5   1
17   10   6   1
18   10   1   2
19   10   9   3
20   10   2   1
21   10   1   4
22   10   13   2
23   10   5   4
24   10   2   2
25   10   14   2
26   10   4   2
27   6   10   1
28   5   18   1
29   10   2   1
30   10   3   1
31   6   6   1
32   6   4   1
33   10   1   5
34   10   8   2
35   5   5   1