5
1
30   15   4   
37
1   7   4   2
2   7   6   1
3   1   7   1
4   8   4   3
5   9   7   1
6   7   7   1
7   3   7   1
8   8   5   1
9   15   6   1
10   1   7   1
11   15   3   1
12   15   3   1
13   4   4   2
14   13   3   1
15   7   9   1
16   3   7   1
17   15   8   2
18   2   3   1
19   4   3   2
20   4   7   1
21   1   7   1
22   9   5   1
23   8   8   1
24   2   5   1
25   4   4   2
26   15   2   1
27   7   8   3
28   3   4   2
29   8   6   1
30   4   7   2
31   3   7   1
32   15   8   1
33   4   5   1
34   4   4   2
35   7   7   1
36   4   7   1
37   4   4   2
2
30   15   4   
28
1   15   3   1
2   4   3   3
3   15   2   1
4   3   4   1
5   4   7   3
6   4   4   1
7   15   3   1
8   15   7   1
9   8   7   3
10   4   4   3
11   4   7   2
12   8   8   3
13   7   8   2
14   15   2   1
15   4   4   1
16   8   8   3
17   3   7   3
18   15   3   1
19   4   4   1
20   4   3   1
21   3   7   3
22   4   7   3
23   15   2   1
24   7   5   1
25   8   5   1
26   7   8   3
27   15   3   1
28   3   4   1
3
30   15   4   
30
1   5   8   2
2   1   9   2
3   3   7   2
4   9   9   2
5   15   1   1
6   13   1   1
7   6   14   1
8   3   1   1
9   5   7   1
10   1   7   2
11   4   7   1
12   13   7   1
13   6   5   1
14   5   8   3
15   1   9   2
16   3   1   1
17   3   8   3
18   1   7   1
19   7   9   1
20   17   6   2
21   6   9   2
22   1   2   1
23   9   14   1
24   8   6   1
25   6   4   1
26   3   7   1
27   9   6   1
28   13   7   1
29   4   7   2
30   7   8   3
4
30   15   4   
34
1   3   5   3
2   8   10   1
3   1   5   1
4   3   7   1
5   1   5   1
6   12   4   2
7   3   5   2
8   23   4   1
9   6   4   1
10   12   11   2
11   12   4   1
12   15   2   1
13   3   5   1
14   7   10   1
15   17   11   1
16   6   5   1
17   1   11   1
18   11   4   2
19   4   5   1
20   3   5   1
21   6   11   1
22   4   6   1
23   1   4   2
24   1   11   2
25   4   7   1
26   8   7   1
27   8   5   1
28   7   6   1
29   4   6   1
30   1   11   2
31   4   11   1
32   4   5   1
33   6   11   3
34   6   5   1
5
30   15   4   
38
1   6   10   1
2   3   5   1
3   6   10   1
4   7   4   1
5   3   5   1
6   6   5   1
7   3   5   1
8   24   5   1
9   15   1   1
10   7   4   1
11   15   14   1
12   3   5   1
13   3   5   1
14   3   4   1
15   3   4   2
16   14   7   1
17   7   3   1
18   3   4   1
19   15   4   1
20   3   7   1
21   15   7   1
22   13   7   1
23   3   5   1
24   4   3   2
25   4   4   2
26   14   8   1
27   7   8   2
28   4   4   2
29   4   4   1
30   6   7   1
31   4   3   1
32   3   4   1
33   6   8   2
34   8   8   1
35   4   8   2
36   4   4   1
37   7   7   1
38   4   8   1