5
1
20   20   7   
46
1   14   4   1
2   12   2   1
3   6   3   1
4   6   3   3
5   8   19   1
6   5   4   1
7   4   5   1
8   1   10   1
9   14   1   1
10   9   14   1
11   6   4   1
12   5   3   1
13   6   3   4
14   6   9   4
15   6   3   4
16   14   10   4
17   14   1   4
18   14   4   1
19   14   1   1
20   14   2   4
21   9   5   1
22   10   2   1
23   10   5   1
24   12   1   1
25   10   1   1
26   19   6   1
27   14   7   1
28   12   7   1
29   14   7   1
30   6   1   4
31   12   2   1
32   14   1   1
33   12   1   1
34   6   1   2
35   9   6   1
36   12   7   1
37   14   2   1
38   10   5   1
39   1   10   1
40   11   17   1
41   6   1   1
42   5   5   1
43   14   1   1
44   10   1   1
45   8   1   1
46   4   4   1
2
20   20   7   
36
1   7   4   2
2   8   16   1
3   7   5   3
4   7   8   4
5   7   4   3
6   8   10   1
7   8   2   1
8   7   9   2
9   7   7   4
10   1   5   2
11   13   9   1
12   1   10   1
13   7   4   1
14   3   7   1
15   6   9   5
16   4   5   2
17   8   16   2
18   1   10   1
19   4   5   1
20   13   9   1
21   7   2   5
22   2   10   1
23   1   4   1
24   7   9   2
25   4   7   1
26   6   2   5
27   4   5   1
28   1   5   1
29   8   12   1
30   3   5   2
31   3   10   1
32   7   4   1
33   6   9   1
34   7   5   5
35   8   4   1
36   6   9   2
3
20   20   7   
40
1   1   6   1
2   2   4   1
3   10   10   1
4   2   2   1
5   18   3   1
6   2   5   1
7   18   17   1
8   2   1   1
9   2   6   3
10   2   2   1
11   3   10   1
12   2   6   4
13   11   3   1
14   1   6   1
15   2   2   2
16   2   8   1
17   9   10   1
18   18   6   5
19   5   5   1
20   2   4   2
21   4   3   1
22   2   2   3
23   2   2   1
24   4   5   1
25   2   4   3
26   18   2   5
27   3   10   1
28   18   4   5
29   2   2   2
30   2   2   2
31   1   8   1
32   2   2   2
33   9   5   1
34   18   8   4
35   3   3   1
36   2   2   1
37   18   5   1
38   1   12   1
39   4   10   1
40   2   2   2
4
20   20   7   
37
1   6   5   4
2   5   5   1
3   1   9   1
4   4   7   4
5   17   10   1
6   5   10   1
7   5   4   2
8   4   7   4
9   10   1   2
10   12   10   4
11   3   5   1
12   4   7   1
13   4   7   2
14   10   9   3
15   2   10   1
16   4   6   2
17   6   5   2
18   7   10   1
19   6   5   2
20   8   7   1
21   4   5   1
22   1   10   2
23   4   7   2
24   4   6   2
25   8   6   2
26   4   7   1
27   3   10   1
28   5   10   1
29   9   5   2
30   1   5   1
31   1   6   1
32   8   5   1
33   5   10   1
34   3   5   1
35   5   10   1
36   6   10   4
37   9   15   1
5
20   20   7   
39
1   10   6   1
2   5   5   1
3   5   10   1
4   10   3   2
5   10   7   1
6   5   8   2
7   1   7   1
8   19   1   1
9   10   8   1
10   5   5   2
11   5   8   1
12   10   3   1
13   2   16   1
14   10   6   1
15   1   3   1
16   5   8   1
17   5   10   1
18   5   4   5
19   5   5   1
20   1   9   1
21   11   16   1
22   5   4   1
23   6   16   1
24   5   5   2
25   5   4   1
26   5   10   1
27   5   8   2
28   1   1   1
29   5   5   2
30   10   8   2
31   5   4   5
32   10   10   5
33   9   3   1
34   5   8   4
35   5   10   1
36   10   8   1
37   5   8   1
38   10   5   4
39   5   5   2