5
1
35   25   8   
32
1   2   16   1
2   17   22   1
3   17   18   1
4   33   7   1
5   17   3   1
6   18   7   2
7   17   22   1
8   33   2   1
9   18   7   1
10   17   15   1
11   18   1   1
12   17   2   1
13   2   8   1
14   18   1   3
15   18   4   4
16   17   1   1
17   17   19   1
18   33   6   1
19   18   14   3
20   17   19   1
21   17   1   6
22   18   14   2
23   17   7   2
24   18   16   2
25   17   19   1
26   18   8   1
27   2   1   1
28   33   10   1
29   17   3   1
30   17   2   6
31   18   7   3
32   18   3   1
2
35   25   8   
33
1   24   2   1
2   27   9   1
3   23   11   1
4   11   4   1
5   24   13   2
6   11   9   2
7   24   1   1
8   11   2   6
9   27   1   1
10   12   12   1
11   11   5   1
12   24   13   1
13   23   1   1
14   24   10   3
15   24   1   2
16   27   1   1
17   24   10   2
18   24   2   5
19   24   2   1
20   23   12   1
21   24   12   1
22   8   10   1
23   11   14   6
24   8   1   1
25   23   1   1
26   8   12   1
27   11   9   3
28   24   10   1
29   24   12   1
30   24   10   1
31   12   13   1
32   27   14   1
33   8   2   1
3
35   25   8   
29
1   9   6   1
2   17   13   1
3   8   13   1
4   8   12   8
5   8   13   2
6   9   12   1
7   17   13   1
8   9   12   3
9   8   13   1
10   9   13   1
11   18   12   1
12   9   13   1
13   9   12   5
14   9   6   1
15   9   6   2
16   18   13   3
17   18   13   2
18   9   13   2
19   9   13   1
20   9   13   1
21   9   13   1
22   9   13   1
23   17   13   1
24   9   12   5
25   17   13   1
26   18   12   1
27   9   12   3
28   9   6   2
29   18   13   1
4
35   25   8   
45
1   32   5   1
2   1   15   2
3   32   2   1
4   3   1   2
5   1   4   1
6   2   8   1
7   15   24   1
8   8   6   1
9   8   6   1
10   32   3   1
11   1   3   1
12   15   1   1
13   32   3   1
14   1   7   2
15   34   1   3
16   2   24   1
17   3   6   1
18   34   1   1
19   4   6   1
20   17   24   1
21   1   3   2
22   18   17   1
23   15   6   1
24   1   16   1
25   32   16   1
26   3   10   1
27   3   4   1
28   18   1   1
29   15   7   1
30   4   7   1
31   3   11   1
32   1   12   1
33   17   17   1
34   34   1   3
35   4   6   1
36   32   18   1
37   34   23   3
38   1   9   1
39   1   3   1
40   31   6   1
41   3   18   1
42   31   13   1
43   4   6   1
44   18   7   1
45   32   3   1
5
35   25   8   
36
1   15   2   1
2   15   8   2
3   15   8   1
4   15   13   3
5   1   2   1
6   1   9   1
7   15   7   1
8   15   1   1
9   15   1   6
10   16   1   1
11   12   13   1
12   5   16   1
13   3   13   1
14   15   1   1
15   1   7   1
16   16   11   1
17   15   1   3
18   1   5   1
19   15   11   1
20   15   2   3
21   12   16   2
22   17   7   1
23   16   1   1
24   3   13   1
25   15   13   2
26   15   7   1
27   20   7   6
28   18   12   1
29   15   9   1
30   15   3   1
31   15   1   1
32   13   9   1
33   15   4   1
34   3   9   1
35   19   18   1
36   20   18   6