5
1
35   25   5   
48
1   6   2   1
2   7   10   1
3   18   1   1
4   1   3   2
5   2   22   2
6   5   22   2
7   2   3   2
8   17   19   3
9   3   3   1
10   17   4   1
11   7   6   1
12   1   7   1
13   22   5   1
14   1   23   1
15   6   10   1
16   6   3   1
17   11   5   1
18   7   3   1
19   20   22   1
20   13   4   1
21   7   7   1
22   22   1   1
23   17   6   1
24   4   7   1
25   13   11   1
26   6   6   1
27   1   6   1
28   6   20   1
29   11   2   1
30   2   6   1
31   1   7   1
32   12   3   2
33   11   20   1
34   5   6   1
35   22   1   1
36   11   6   1
37   22   1   1
38   2   3   2
39   9   22   2
40   11   2   1
41   22   15   1
42   10   3   1
43   18   1   1
44   2   7   1
45   1   3   2
46   1   22   2
47   15   12   1
48   1   22   2
2
35   25   5   
47
1   1   14   1
2   18   22   1
3   1   3   3
4   29   4   1
5   17   11   1
6   5   2   1
7   4   3   1
8   32   4   1
9   15   13   1
10   7   11   1
11   1   2   1
12   5   6   1
13   32   9   1
14   1   6   1
15   4   11   1
16   17   22   2
17   14   13   1
18   3   11   1
19   6   3   1
20   2   1   1
21   1   13   1
22   4   8   1
23   1   12   1
24   7   8   1
25   6   7   1
26   3   11   2
27   6   11   2
28   1   14   1
29   1   11   2
30   1   3   2
31   3   3   1
32   6   7   1
33   2   3   1
34   18   14   2
35   14   8   1
36   2   12   1
37   2   4   1
38   1   3   3
39   7   3   1
40   1   11   2
41   1   14   1
42   3   14   3
43   2   3   1
44   2   5   1
45   32   12   1
46   4   8   1
47   11   14   1
3
35   25   5   
45
1   1   9   1
2   8   10   1
3   1   9   1
4   5   16   1
5   1   20   1
6   8   9   1
7   20   20   1
8   5   20   1
9   2   5   1
10   3   5   1
11   2   9   1
12   14   5   3
13   1   5   1
14   6   5   3
15   4   5   3
16   1   6   1
17   6   19   3
18   20   20   1
19   1   1   1
20   3   9   1
21   4   9   1
22   2   5   1
23   4   6   3
24   17   4   1
25   2   6   3
26   12   16   1
27   16   3   1
28   1   24   1
29   2   3   1
30   9   9   1
31   18   22   1
32   2   9   1
33   2   9   1
34   33   6   1
35   2   9   1
36   1   5   1
37   3   20   3
38   17   10   1
39   26   20   1
40   1   5   1
41   1   5   1
42   2   5   2
43   17   5   1
44   9   10   1
45   6   20   1
4
35   25   5   
41
1   18   1   1
2   18   3   1
3   3   2   1
4   17   1   2
5   34   2   1
6   17   2   3
7   17   2   2
8   18   1   1
9   9   6   1
10   34   4   1
11   8   7   1
12   1   7   1
13   8   7   1
14   3   2   1
15   2   19   1
16   18   12   1
17   1   10   1
18   8   3   1
19   18   7   1
20   9   3   1
21   18   2   2
22   17   3   1
23   17   2   3
24   3   8   1
25   1   8   1
26   15   19   1
27   18   5   2
28   18   2   1
29   9   6   1
30   9   14   1
31   18   13   1
32   18   7   1
33   18   6   3
34   3   7   1
35   17   3   1
36   17   8   3
37   17   5   1
38   18   10   1
39   9   12   1
40   14   19   1
41   17   10   3
5
35   25   5   
43
1   12   14   1
2   8   6   1
3   1   12   1
4   4   6   1
5   11   10   1
6   1   3   1
7   5   7   3
8   18   2   1
9   6   6   1
10   1   3   1
11   10   7   2
12   8   6   2
13   3   12   1
14   6   11   1
15   8   6   2
16   12   14   1
17   4   7   1
18   6   11   1
19   6   6   1
20   9   13   2
21   9   6   1
22   8   6   1
23   6   5   1
24   14   3   1
25   4   6   1
26   3   13   1
27   4   7   2
28   6   11   1
29   6   7   1
30   17   11   1
31   8   6   2
32   18   23   1
33   19   18   2
34   11   8   1
35   9   6   1
36   4   7   1
37   17   11   1
38   1   3   1
39   6   7   1
40   8   13   2
41   14   12   1
42   8   6   2
43   8   13   2