5
1
30   15   3   
35
1   3   3   1
2   1   8   2
3   15   1   1
4   15   2   1
5   4   7   1
6   2   8   2
7   15   1   1
8   2   7   1
9   4   2   1
10   3   7   1
11   15   1   1
12   1   7   1
13   1   8   1
14   1   7   1
15   11   2   1
16   9   7   1
17   1   3   1
18   1   8   2
19   1   7   1
20   8   8   1
21   15   6   1
22   12   3   1
23   15   4   1
24   15   13   1
25   3   8   1
26   1   8   2
27   15   7   1
28   4   3   1
29   15   7   1
30   10   3   1
31   8   7   2
32   15   1   1
33   15   1   1
34   1   7   1
35   16   8   1
2
30   15   3   
33
1   12   8   1
2   1   7   2
3   2   5   1
4   2   3   1
5   1   8   1
6   4   3   1
7   3   3   1
8   3   1   1
9   4   1   1
10   9   1   1
11   6   14   1
12   6   1   1
13   13   8   1
14   1   2   1
15   4   5   1
16   6   2   1
17   1   1   2
18   6   2   1
19   13   1   1
20   3   5   1
21   1   7   2
22   3   2   1
23   2   14   2
24   13   7   2
25   6   8   1
26   5   2   1
27   7   14   1
28   1   1   2
29   2   8   2
30   18   12   1
31   6   8   1
32   13   14   1
33   3   5   1
3
30   15   3   
38
1   3   7   1
2   2   2   2
3   15   6   1
4   1   1   1
5   1   2   2
6   2   13   2
7   1   9   1
8   8   6   1
9   15   8   1
10   3   7   1
11   1   14   1
12   2   7   1
13   9   1   2
14   7   7   1
15   5   14   1
16   3   1   1
17   1   7   1
18   2   14   1
19   1   7   1
20   1   13   2
21   3   2   2
22   1   13   2
23   3   2   1
24   3   14   1
25   1   1   1
26   3   9   1
27   11   13   2
28   8   9   2
29   7   6   1
30   1   14   1
31   8   2   2
32   2   9   2
33   1   2   2
34   2   14   1
35   1   14   1
36   3   7   1
37   3   1   1
38   1   2   1
4
30   15   3   
41
1   6   1   1
2   1   5   1
3   7   7   1
4   11   5   1
5   8   11   1
6   3   5   1
7   8   8   1
8   2   1   2
9   7   1   2
10   8   1   2
11   8   14   1
12   13   1   1
13   2   1   1
14   13   1   1
15   11   10   1
16   4   7   1
17   2   1   1
18   8   7   1
19   4   3   1
20   7   3   3
21   7   14   1
22   7   2   1
23   7   11   1
24   4   3   1
25   12   10   1
26   7   1   2
27   3   4   1
28   8   2   2
29   4   3   1
30   4   1   1
31   10   4   1
32   4   1   1
33   3   2   2
34   4   7   1
35   10   1   1
36   1   3   1
37   15   1   1
38   4   1   1
39   8   5   2
40   6   3   1
41   7   2   1
5
30   15   3   
43
1   5   3   1
2   5   2   1
3   1   14   1
4   8   3   1
5   8   1   1
6   5   3   1
7   17   1   1
8   4   14   1
9   4   4   1
10   5   6   1
11   5   2   1
12   9   9   1
13   10   3   1
14   8   2   1
15   5   3   1
16   8   8   1
17   22   1   1
18   5   3   1
19   8   14   1
20   1   9   1
21   8   1   1
22   8   4   1
23   8   1   1
24   15   1   1
25   1   14   1
26   9   9   1
27   1   9   1
28   5   2   1
29   5   5   1
30   3   1   1
31   5   1   1
32   1   9   1
33   15   6   1
34   7   8   1
35   1   14   1
36   10   4   1
37   8   2   1
38   4   9   1
39   2   1   1
40   8   1   1
41   22   4   1
42   1   4   1
43   22   9   1