5
1
35   25   4   
49
1   12   13   1
2   4   6   1
3   1   11   1
4   6   12   2
5   31   6   1
6   4   6   1
7   4   6   2
8   6   6   1
9   4   2   1
10   6   6   1
11   11   9   1
12   1   12   1
13   31   9   1
14   11   9   1
15   14   12   1
16   2   12   1
17   6   6   1
18   3   12   1
19   10   6   1
20   14   12   1
21   2   2   1
22   6   12   2
23   7   12   1
24   6   1   1
25   5   7   1
26   29   7   1
27   4   1   1
28   31   1   1
29   7   6   2
30   4   2   2
31   21   6   1
32   5   6   1
33   1   16   1
34   5   13   1
35   6   7   1
36   2   14   1
37   16   13   1
38   9   6   1
39   2   11   1
40   1   12   1
41   7   6   2
42   5   3   1
43   12   12   1
44   4   2   1
45   31   3   1
46   6   6   1
47   5   6   1
48   16   13   1
49   1   14   1
2
35   25   4   
39
1   6   4   1
2   1   20   2
3   2   5   2
4   3   5   2
5   4   9   1
6   7   19   2
7   7   6   2
8   8   2   1
9   6   21   1
10   5   19   3
11   1   19   2
12   14   17   1
13   8   9   1
14   9   2   1
15   2   8   1
16   15   21   1
17   8   4   1
18   9   4   1
19   8   2   1
20   1   5   2
21   6   4   1
22   9   2   1
23   1   6   2
24   5   6   3
25   13   19   1
26   15   4   1
27   2   6   1
28   12   20   2
29   17   8   1
30   5   20   2
31   4   19   2
32   2   6   1
33   12   5   2
34   4   6   1
35   13   6   1
36   6   4   1
37   5   9   1
38   6   4   1
39   6   4   1
3
35   25   4   
45
1   4   14   2
2   4   7   1
3   7   11   1
4   7   12   1
5   3   6   1
6   7   11   1
7   8   4   1
8   9   13   1
9   7   3   1
10   10   12   1
11   18   8   1
12   2   14   2
13   9   6   1
14   5   7   1
15   9   11   1
16   9   13   1
17   4   7   1
18   17   1   1
19   1   18   2
20   1   6   1
21   16   11   1
22   1   18   1
23   5   6   1
24   7   18   1
25   3   14   2
26   8   6   1
27   8   8   1
28   4   7   1
29   11   11   1
30   9   6   1
31   2   18   1
32   9   6   1
33   2   3   1
34   1   14   2
35   9   3   1
36   9   5   1
37   10   18   1
38   9   11   1
39   1   18   2
40   7   18   2
41   2   14   2
42   19   7   2
43   18   4   1
44   17   12   1
45   4   14   2
4
35   25   4   
39
1   4   13   1
2   8   5   1
3   2   13   2
4   8   4   1
5   1   12   1
6   3   12   2
7   6   12   2
8   8   3   1
9   17   4   1
10   17   8   1
11   9   4   2
12   18   2   1
13   8   3   1
14   1   13   1
15   9   4   2
16   18   4   1
17   9   10   1
18   9   8   1
19   4   13   2
20   22   11   2
21   9   8   1
22   3   13   1
23   5   5   1
24   18   2   1
25   1   3   1
26   9   11   1
27   18   14   2
28   9   11   1
29   8   4   1
30   4   14   2
31   3   13   2
32   9   10   1
33   9   16   1
34   17   10   1
35   3   12   1
36   4   12   1
37   4   5   1
38   17   6   2
39   18   1   1
5
35   25   4   
41
1   17   5   2
2   6   4   1
3   17   7   2
4   29   12   1
5   7   13   1
6   18   2   2
7   9   6   1
8   8   8   1
9   6   3   1
10   3   5   1
11   17   1   2
12   4   6   1
13   6   1   1
14   8   5   1
15   3   8   1
16   18   1   2
17   1   5   1
18   3   9   1
19   18   1   2
20   9   13   1
21   9   12   1
22   9   15   1
23   4   6   1
24   9   6   1
25   9   5   1
26   18   5   2
27   9   13   1
28   17   12   2
29   18   1   2
30   8   1   1
31   21   13   1
32   9   15   1
33   9   6   1
34   9   6   1
35   8   5   1
36   1   3   1
37   3   3   1
38   1   5   1
39   3   9   1
40   18   15   1
41   9   8   1