5
1
30   15   8   
30
1   13   11   1
2   7   4   1
3   6   10   1
4   14   12   1
5   14   12   5
6   6   12   5
7   2   5   1
8   2   12   1
9   8   10   1
10   2   11   1
11   2   5   2
12   7   11   1
13   2   12   4
14   6   10   1
15   6   12   1
16   8   10   3
17   8   5   4
18   2   12   1
19   2   10   1
20   7   11   1
21   6   4   1
22   17   4   1
23   14   3   6
24   8   3   7
25   14   3   1
26   6   5   3
27   1   11   1
28   2   10   1
29   8   10   1
30   22   12   1
2
30   15   8   
37
1   6   3   2
2   18   11   4
3   15   5   2
4   15   6   1
5   6   4   2
6   4   7   1
7   15   2   1
8   5   8   1
9   15   3   1
10   6   7   1
11   15   4   2
12   8   7   1
13   6   4   1
14   6   8   2
15   18   4   4
16   14   7   1
17   6   8   2
18   12   8   1
19   15   3   1
20   15   6   1
21   6   8   1
22   6   4   1
23   3   7   1
24   6   7   4
25   15   4   1
26   6   3   1
27   18   8   1
28   6   4   1
29   10   1   2
30   15   3   3
31   15   7   3
32   15   3   2
33   15   1   1
34   6   8   1
35   15   1   2
36   15   8   1
37   5   1   2
3
30   15   8   
41
1   15   1   1
2   14   13   1
3   6   7   3
4   6   4   3
5   7   7   1
6   1   2   1
7   6   7   1
8   6   3   1
9   6   7   1
10   4   6   4
11   6   4   1
12   15   9   1
13   6   4   1
14   12   7   1
15   12   7   1
16   7   14   1
17   1   13   1
18   24   8   3
19   12   7   1
20   3   4   1
21   5   6   1
22   6   7   1
23   12   7   2
24   8   14   1
25   6   3   1
26   6   7   3
27   3   4   1
28   8   14   1
29   6   7   1
30   6   7   1
31   6   7   3
32   14   2   1
33   6   4   3
34   12   8   3
35   6   4   3
36   12   8   3
37   6   7   3
38   6   6   1
39   6   3   1
40   15   1   1
41   7   7   1
4
30   15   8   
36
1   14   5   1
2   1   14   2
3   8   7   1
4   8   7   3
5   8   13   2
6   7   2   3
7   15   2   1
8   1   1   2
9   12   1   1
10   12   1   1
11   7   8   5
12   1   14   2
13   8   2   1
14   15   2   1
15   15   13   1
16   15   1   1
17   1   1   1
18   15   4   1
19   15   1   1
20   8   6   1
21   1   1   2
22   28   14   2
23   14   3   1
24   1   1   1
25   2   1   1
26   25   1   1
27   7   13   3
28   8   8   5
29   8   7   2
30   1   5   1
31   15   13   2
32   15   1   1
33   8   2   3
34   7   2   1
35   1   3   2
36   7   7   5
5
30   15   8   
45
1   15   6   1
2   15   6   1
3   15   14   1
4   15   1   2
5   10   8   1
6   5   6   1
7   3   7   3
8   11   8   2
9   14   14   1
10   15   1   1
11   3   1   1
12   6   7   1
13   15   2   1
14   15   5   2
15   9   8   1
16   8   8   1
17   3   1   1
18   3   2   1
19   15   3   2
20   18   7   2
21   15   2   2
22   19   7   2
23   5   6   1
24   1   8   1
25   18   8   1
26   3   7   1
27   10   8   1
28   11   8   2
29   10   7   1
30   10   7   1
31   7   8   1
32   10   1   1
33   15   1   2
34   9   8   1
35   3   6   1
36   12   1   2
37   3   5   1
38   8   7   2
39   10   8   1
40   15   1   1
41   15   6   1
42   6   7   2
43   12   7   2
44   13   14   1
45   27   1   1