5
1
10   10   6   
33
1   1   2   1
2   2   2   1
3   1   1   1
4   2   2   3
5   2   3   4
6   2   2   1
7   1   1   3
8   2   3   2
9   3   5   6
10   1   3   5
11   3   2   6
12   2   1   6
13   2   5   6
14   2   2   1
15   2   1   2
16   1   1   1
17   2   5   1
18   1   1   3
19   2   1   1
20   2   3   6
21   2   2   6
22   2   5   1
23   2   2   4
24   2   5   6
25   1   1   1
26   2   5   1
27   2   2   2
28   2   3   1
29   2   2   4
30   2   2   1
31   2   1   1
32   3   5   6
33   1   3   6
2
10   10   6   
39
1   1   2   4
2   5   5   2
3   2   5   1
4   5   5   3
5   2   2   6
6   1   5   1
7   3   5   1
8   2   5   1
9   5   5   1
10   3   2   6
11   1   3   1
12   5   5   1
13   3   3   1
14   2   1   2
15   2   3   2
16   2   2   1
17   2   2   1
18   3   3   3
19   1   1   6
20   1   1   2
21   2   3   1
22   3   3   1
23   1   2   3
24   1   1   6
25   1   2   2
26   1   1   2
27   2   2   1
28   1   1   4
29   1   1   6
30   1   1   2
31   1   2   6
32   2   3   1
33   1   2   5
34   1   3   3
35   3   5   1
36   2   2   6
37   5   10   2
38   3   2   1
39   3   5   1
3
10   10   6   
39
1   2   2   1
2   2   2   6
3   1   2   1
4   2   5   1
5   1   2   1
6   2   2   6
7   1   2   3
8   1   2   1
9   3   2   1
10   2   1   6
11   2   2   6
12   1   3   6
13   2   5   1
14   2   5   1
15   5   10   1
16   5   5   1
17   1   2   1
18   1   2   3
19   2   2   1
20   3   3   1
21   5   5   3
22   5   5   1
23   3   5   6
24   1   2   1
25   3   3   1
26   1   1   1
27   3   2   1
28   2   1   6
29   5   10   1
30   2   2   1
31   2   2   1
32   1   2   1
33   2   2   1
34   3   2   1
35   3   3   1
36   3   2   6
37   1   2   1
38   1   1   1
39   2   1   6
4
10   10   6   
33
1   1   3   4
2   2   5   1
3   3   3   1
4   3   5   6
5   1   2   1
6   3   2   6
7   2   2   1
8   2   3   1
9   1   2   1
10   2   5   1
11   2   5   6
12   1   2   1
13   2   5   1
14   2   2   1
15   2   3   4
16   1   1   1
17   2   5   3
18   1   2   2
19   2   3   6
20   2   2   6
21   2   2   3
22   2   2   1
23   3   2   6
24   2   2   1
25   3   3   6
26   2   3   1
27   2   2   2
28   1   3   1
29   2   2   1
30   1   1   1
31   2   1   1
32   3   2   6
33   3   3   6
5
10   10   6   
40
1   1   1   1
2   1   2   6
3   1   2   1
4   1   3   3
5   1   1   1
6   2   3   2
7   1   2   3
8   5   5   1
9   5   3   5
10   2   3   2
11   2   3   3
12   3   2   4
13   2   2   1
14   1   1   1
15   3   5   1
16   3   3   3
17   3   3   3
18   2   2   4
19   1   1   1
20   2   2   1
21   3   5   6
22   2   1   1
23   1   1   1
24   3   3   2
25   2   3   6
26   3   2   1
27   5   1   1
28   2   2   1
29   2   2   1
30   2   2   1
31   1   1   1
32   2   2   1
33   10   1   1
34   1   1   1
35   1   1   1
36   5   2   2
37   2   3   6
38   2   2   3
39   3   1   1
40   5   2   5