5
1
10   10   2   
24
1   2   3   1
2   2   5   1
3   3   3   2
4   1   2   1
5   2   3   2
6   3   2   2
7   3   5   2
8   2   1   1
9   2   2   1
10   2   2   1
11   1   2   2
12   2   5   1
13   1   2   1
14   1   1   1
15   1   1   2
16   3   3   2
17   2   5   1
18   2   2   1
19   1   2   2
20   1   1   1
21   2   2   1
22   2   2   2
23   3   5   2
24   1   1   2
2
10   10   2   
25
1   1   1   2
2   1   3   2
3   3   3   1
4   2   3   1
5   1   3   1
6   1   2   2
7   2   3   1
8   1   2   2
9   1   2   1
10   5   1   2
11   2   5   1
12   5   1   2
13   2   5   2
14   1   2   1
15   2   3   1
16   1   1   2
17   3   5   1
18   2   2   1
19   3   2   1
20   3   2   1
21   3   3   1
22   2   2   2
23   2   5   1
24   2   5   1
25   5   3   2
3
10   10   2   
27
1   1   2   1
2   3   3   1
3   3   2   1
4   1   1   1
5   1   2   2
6   3   5   1
7   1   2   1
8   1   1   2
9   1   1   2
10   2   3   2
11   2   1   1
12   1   1   1
13   2   3   1
14   1   2   2
15   5   5   2
16   1   1   1
17   1   3   1
18   1   2   1
19   3   5   1
20   2   2   1
21   1   3   1
22   2   2   2
23   2   5   1
24   3   5   2
25   1   1   1
26   1   2   1
27   1   3   1
4
10   10   2   
24
1   3   5   2
2   1   2   2
3   2   3   1
4   2   5   1
5   1   3   1
6   3   2   1
7   2   3   1
8   1   1   1
9   1   3   1
10   2   5   2
11   3   2   2
12   3   3   1
13   1   2   2
14   3   2   2
15   1   1   2
16   3   5   1
17   1   2   2
18   2   5   2
19   2   3   1
20   2   2   1
21   1   1   1
22   3   3   2
23   1   2   1
24   1   1   2
5
10   10   2   
19
1   1   2   1
2   3   5   2
3   1   2   1
4   3   3   1
5   2   1   1
6   2   3   1
7   1   2   2
8   3   3   2
9   1   2   1
10   1   1   2
11   2   5   2
12   5   5   2
13   3   5   1
14   1   2   1
15   3   2   2
16   1   2   1
17   3   2   2
18   1   1   2
19   2   2   2