5
1
10   10   5   
28
1   2   1   1
2   2   2   1
3   1   1   1
4   3   2   2
5   3   3   2
6   2   5   1
7   1   1   2
8   2   3   1
9   2   2   1
10   2   5   2
11   1   2   2
12   2   1   2
13   1   2   1
14   2   2   3
15   2   3   2
16   1   2   2
17   1   1   3
18   5   10   3
19   1   2   2
20   3   5   5
21   3   5   4
22   2   2   1
23   5   5   1
24   2   2   2
25   1   1   1
26   1   1   1
27   5   5   2
28   1   2   1
2
10   10   5   
25
1   1   1   1
2   3   3   2
3   2   5   4
4   5   5   1
5   3   2   1
6   2   5   5
7   3   5   4
8   2   3   2
9   1   3   3
10   2   5   5
11   3   5   2
12   2   3   1
13   2   5   2
14   3   3   1
15   2   2   1
16   1   1   1
17   3   2   1
18   2   2   1
19   5   10   1
20   3   5   4
21   1   1   1
22   1   1   1
23   3   2   5
24   1   1   1
25   2   3   1
3
10   10   5   
20
1   2   2   1
2   2   3   2
3   2   3   3
4   2   2   5
5   2   5   5
6   2   2   2
7   2   2   1
8   2   2   2
9   2   5   2
10   2   3   2
11   2   3   1
12   5   5   1
13   3   5   5
14   3   5   2
15   3   5   5
16   2   3   1
17   3   5   5
18   2   3   2
19   3   5   2
20   2   5   1
4
10   10   5   
25
1   1   1   1
2   2   3   1
3   5   5   1
4   3   3   5
5   5   5   4
6   2   3   2
7   3   2   5
8   1   3   1
9   1   2   1
10   2   5   2
11   1   2   1
12   3   5   4
13   3   3   1
14   2   5   2
15   3   2   2
16   2   2   2
17   2   5   5
18   3   3   1
19   2   1   1
20   3   2   1
21   2   2   2
22   3   2   3
23   1   1   1
24   1   1   1
25   5   10   1
5
10   10   5   
21
1   1   1   1
2   1   3   1
3   1   1   2
4   1   3   3
5   1   2   5
6   3   5   2
7   1   1   3
8   2   5   3
9   2   5   1
10   5   5   5
11   3   3   2
12   1   2   5
13   5   5   1
14   2   3   1
15   2   5   5
16   2   3   3
17   3   5   1
18   3   2   1
19   5   10   1
20   5   5   3
21   1   2   2