5
1
10   10   4   
21
1   4   3   1
2   4   5   1
3   3   3   3
4   1   1   1
5   3   5   3
6   1   2   3
7   2   3   1
8   4   2   1
9   1   2   3
10   2   5   4
11   2   5   3
12   2   3   4
13   4   2   1
14   1   1   1
15   2   2   1
16   2   3   1
17   4   3   1
18   5   5   3
19   3   5   3
20   4   5   1
21   2   2   1
2
10   10   4   
20
1   2   5   1
2   3   5   2
3   2   2   2
4   3   5   1
5   3   3   1
6   2   5   1
7   2   3   4
8   2   2   1
9   2   2   2
10   3   5   4
11   5   5   2
12   5   5   1
13   2   3   3
14   3   5   1
15   2   2   4
16   2   5   4
17   1   2   2
18   5   5   1
19   1   2   1
20   3   3   3
3
10   10   4   
21
1   3   5   2
2   3   3   2
3   2   2   2
4   2   3   1
5   3   3   1
6   3   5   4
7   2   2   4
8   1   1   1
9   3   2   2
10   2   3   2
11   3   2   1
12   1   1   1
13   2   2   1
14   1   1   1
15   5   5   3
16   2   2   2
17   5   5   4
18   1   1   1
19   2   2   2
20   2   1   2
21   2   5   2
4
10   10   4   
19
1   3   2   1
2   2   2   1
3   2   3   3
4   3   2   4
5   3   5   1
6   2   5   4
7   3   3   1
8   3   3   1
9   2   3   3
10   2   1   1
11   5   5   4
12   1   3   3
13   3   5   1
14   2   5   4
15   2   2   3
16   2   5   1
17   3   5   2
18   3   5   2
19   3   3   1
5
10   10   4   
23
1   3   2   1
2   5   5   1
3   2   5   2
4   2   2   2
5   3   5   4
6   3   5   4
7   1   2   1
8   2   3   1
9   3   5   2
10   2   2   4
11   1   2   1
12   1   2   1
13   1   2   1
14   2   5   2
15   2   3   4
16   3   5   1
17   2   5   1
18   2   5   1
19   3   3   1
20   2   3   3
21   5   5   1
22   3   5   1
23   3   5   1