5
1
15   15   5   
29
1   4   4   5
2   3   7   2
3   4   8   1
4   4   7   5
5   2   4   1
6   4   4   1
7   4   3   5
8   2   2   2
9   3   3   2
10   7   4   5
11   4   4   5
12   2   4   1
13   2   2   1
14   2   3   1
15   4   4   4
16   2   3   1
17   2   1   1
18   2   4   3
19   2   4   1
20   4   4   1
21   4   4   5
22   2   3   5
23   3   4   2
24   7   4   5
25   2   2   2
26   3   7   1
27   2   4   3
28   2   3   2
29   2   4   3
2
15   15   5   
25
1   2   2   4
2   4   3   3
3   1   2   1
4   2   2   1
5   3   7   5
6   4   4   5
7   2   4   5
8   4   7   2
9   2   2   3
10   2   4   5
11   1   2   3
12   2   4   5
13   7   8   3
14   8   7   5
15   2   4   2
16   2   2   3
17   2   2   3
18   1   2   3
19   7   4   2
20   2   4   1
21   2   2   1
22   2   2   5
23   7   4   2
24   1   2   1
25   4   4   3
3
15   15   5   
37
1   4   8   4
2   4   5   1
3   1   2   1
4   7   4   4
5   1   2   1
6   4   2   2
7   4   5   1
8   7   7   4
9   3   5   1
10   1   2   1
11   4   5   1
12   2   4   2
13   2   4   1
14   2   3   1
15   7   5   1
16   4   5   1
17   2   2   4
18   4   3   5
19   1   2   1
20   4   3   4
21   1   2   2
22   2   1   2
23   1   2   1
24   7   4   4
25   4   4   4
26   2   4   2
27   1   2   1
28   1   2   2
29   4   4   4
30   2   2   5
31   4   5   1
32   4   4   1
33   2   2   1
34   1   2   1
35   2   2   1
36   2   2   2
37   7   5   1
4
15   15   5   
29
1   4   7   3
2   3   4   1
3   4   7   5
4   4   4   5
5   4   4   1
6   1   2   4
7   1   2   1
8   4   7   1
9   8   8   5
10   2   4   1
11   3   4   5
12   3   2   5
13   4   3   1
14   2   3   1
15   2   4   2
16   2   3   2
17   2   2   1
18   4   3   3
19   1   2   1
20   2   4   2
21   2   2   1
22   2   3   2
23   3   3   5
24   4   4   2
25   4   4   5
26   2   4   1
27   2   2   4
28   3   2   5
29   2   3   1
5
15   15   5   
31
1   4   4   5
2   3   3   5
3   7   4   1
4   7   4   1
5   4   4   3
6   4   3   1
7   2   3   1
8   4   4   3
9   4   7   1
10   3   2   1
11   3   4   5
12   2   4   2
13   7   4   1
14   4   4   5
15   4   8   5
16   2   3   1
17   2   2   1
18   3   2   3
19   4   7   5
20   2   3   1
21   2   2   1
22   2   4   3
23   4   7   1
24   4   7   1
25   4   3   3
26   4   7   1
27   2   3   1
28   3   2   2
29   2   4   4
30   2   4   4
31   3   4   4