5
1
12   12   5   
30
1   1   2   1
2   3   3   1
3   3   6   1
4   3   6   1
5   6   6   5
6   6   12   1
7   1   1   1
8   3   6   4
9   3   3   3
10   3   3   2
11   2   2   1
12   2   3   5
13   2   1   3
14   1   1   1
15   2   2   2
16   1   1   1
17   3   6   4
18   1   1   1
19   1   3   1
20   1   1   2
21   1   1   1
22   3   6   2
23   3   3   1
24   1   2   1
25   3   6   3
26   1   3   2
27   2   3   2
28   1   2   2
29   1   3   5
30   6   6   1
2
12   12   5   
27
1   6   6   4
2   1   2   1
3   2   3   2
4   2   3   5
5   3   6   4
6   2   3   2
7   1   2   1
8   2   3   1
9   1   3   4
10   3   3   2
11   1   3   1
12   3   6   4
13   10   6   1
14   1   2   2
15   3   3   4
16   2   3   3
17   5   3   1
18   5   6   1
19   3   6   4
20   2   3   1
21   1   1   1
22   3   6   3
23   5   3   1
24   1   1   1
25   1   3   4
26   3   3   1
27   1   1   2
3
12   12   5   
29
1   3   6   1
2   1   1   1
3   1   3   3
4   2   3   1
5   2   3   4
6   6   6   2
7   1   3   1
8   1   3   5
9   3   6   5
10   6   6   1
11   3   3   1
12   2   3   1
13   2   2   3
14   1   3   1
15   3   3   5
16   1   1   1
17   1   2   1
18   6   6   5
19   2   1   3
20   2   1   1
21   3   6   1
22   3   6   5
23   2   3   3
24   1   3   1
25   3   6   1
26   3   3   1
27   3   6   1
28   1   2   1
29   2   2   1
4
12   12   5   
25
1   1   3   5
2   3   3   1
3   6   6   1
4   3   6   2
5   1   3   1
6   2   3   5
7   2   1   1
8   3   3   2
9   3   3   5
10   3   6   1
11   3   6   5
12   3   3   4
13   2   1   1
14   1   3   2
15   6   6   3
16   3   6   3
17   2   2   1
18   3   3   1
19   3   3   4
20   3   3   1
21   2   2   1
22   3   6   5
23   2   3   1
24   3   3   4
25   3   6   1
5
12   12   5   
37
1   6   7   1
2   3   6   1
3   3   6   1
4   3   6   1
5   6   3   5
6   3   3   4
7   1   2   1
8   1   1   1
9   3   3   4
10   2   3   1
11   2   3   1
12   3   3   1
13   6   1   1
14   2   1   1
15   3   3   2
16   3   3   4
17   1   1   1
18   1   1   1
19   3   3   2
20   6   1   1
21   3   3   1
22   2   3   1
23   1   3   1
24   1   3   1
25   3   3   1
26   1   1   1
27   2   3   1
28   3   3   1
29   3   3   4
30   2   1   1
31   6   6   4
32   1   1   1
33   6   7   1
34   3   1   2
35   6   3   3
36   3   6   1
37   1   1   1