5
1
12   12   6   
35
1   1   1   1
2   3   3   3
3   3   3   6
4   3   3   6
5   3   6   1
6   2   3   3
7   1   3   1
8   3   6   6
9   3   6   6
10   3   3   1
11   3   3   3
12   1   1   1
13   3   6   1
14   2   3   1
15   3   3   1
16   1   1   1
17   2   3   1
18   3   3   1
19   3   6   1
20   3   3   1
21   2   2   2
22   3   6   6
23   3   3   6
24   3   6   1
25   2   1   1
26   3   6   1
27   2   2   2
28   3   3   6
29   1   3   2
30   2   3   1
31   1   1   1
32   1   2   2
33   1   3   6
34   3   3   6
35   1   1   1
2
12   12   6   
40
1   3   6   2
2   1   1   2
3   3   6   2
4   3   3   6
5   3   3   6
6   2   1   3
7   2   1   3
8   2   3   1
9   1   2   1
10   1   3   5
11   3   3   1
12   1   2   3
13   6   6   4
14   3   3   1
15   3   6   6
16   2   2   1
17   1   3   5
18   2   3   6
19   2   1   1
20   3   6   1
21   1   1   1
22   2   1   3
23   1   3   5
24   1   1   1
25   2   1   2
26   1   2   1
27   1   2   1
28   3   3   1
29   1   1   1
30   3   3   1
31   1   3   5
32   1   2   2
33   3   3   1
34   2   2   3
35   6   6   4
36   2   2   3
37   1   2   1
38   2   3   1
39   3   6   2
40   2   3   1
3
12   12   6   
34
1   3   3   6
2   1   3   1
3   3   6   6
4   2   1   1
5   3   6   1
6   3   3   1
7   3   3   6
8   2   3   2
9   2   2   1
10   1   3   1
11   3   3   6
12   1   3   1
13   3   3   4
14   2   1   1
15   3   3   6
16   3   6   3
17   1   3   2
18   2   1   1
19   1   3   1
20   2   2   1
21   2   3   1
22   3   3   1
23   3   6   6
24   2   3   2
25   1   3   1
26   3   6   6
27   1   3   6
28   2   3   4
29   3   3   6
30   1   3   1
31   3   6   1
32   2   2   1
33   2   3   1
34   2   3   1
4
12   12   6   
39
1   2   3   6
2   3   6   5
3   2   3   5
4   3   3   3
5   3   3   1
6   2   2   2
7   1   2   1
8   1   1   1
9   1   3   6
10   1   2   1
11   3   3   2
12   1   2   1
13   1   2   1
14   3   3   6
15   1   1   1
16   1   1   1
17   2   2   1
18   1   3   2
19   1   3   1
20   3   3   6
21   1   1   1
22   2   1   2
23   3   6   5
24   2   1   1
25   2   1   2
26   1   3   6
27   3   3   6
28   2   1   1
29   2   2   1
30   2   2   1
31   2   2   2
32   6   6   5
33   3   3   1
34   2   3   1
35   1   3   6
36   1   1   1
37   6   12   1
38   2   3   3
39   1   1   1
5
12   12   6   
34
1   2   3   5
2   2   3   1
3   1   2   2
4   1   3   6
5   2   3   2
6   3   3   6
7   2   2   1
8   3   3   5
9   2   3   1
10   6   12   1
11   3   6   6
12   1   3   6
13   2   3   3
14   1   2   1
15   2   3   1
16   3   6   5
17   1   2   1
18   2   3   6
19   3   3   5
20   3   3   3
21   2   1   1
22   1   3   2
23   1   1   1
24   3   6   5
25   1   1   3
26   1   1   2
27   1   3   1
28   2   1   3
29   3   3   6
30   3   3   2
31   1   2   1
32   3   6   4
33   1   1   1
34   1   1   1