5
1
15   15   7   
48
1   2   4   1
2   1   2   2
3   4   4   1
4   4   7   1
5   2   1   1
6   4   4   1
7   1   2   2
8   4   3   1
9   2   4   2
10   4   7   1
11   2   4   2
12   4   7   1
13   2   3   4
14   1   1   1
15   1   1   1
16   1   2   7
17   4   8   7
18   4   3   2
19   3   2   7
20   1   1   1
21   4   4   7
22   4   3   4
23   4   4   1
24   1   2   1
25   4   4   2
26   2   2   1
27   2   3   3
28   2   3   2
29   3   4   7
30   4   7   1
31   2   2   2
32   1   2   1
33   3   3   7
34   1   2   2
35   2   4   2
36   3   4   7
37   4   4   2
38   4   3   1
39   4   3   1
40   2   4   1
41   4   7   1
42   2   3   2
43   4   7   1
44   4   8   7
45   4   4   3
46   1   1   1
47   4   4   7
48   2   4   2
2
15   15   7   
43
1   2   2   1
2   2   2   7
3   1   2   1
4   2   3   5
5   1   2   2
6   2   2   1
7   7   4   1
8   2   2   1
9   3   2   1
10   4   4   4
11   1   2   1
12   4   7   7
13   3   2   1
14   2   4   1
15   1   2   2
16   1   2   3
17   3   3   1
18   3   4   6
19   8   7   7
20   2   4   1
21   1   2   3
22   1   3   5
23   2   4   7
24   2   2   7
25   2   2   1
26   4   3   2
27   4   8   7
28   4   4   7
29   4   3   1
30   4   4   1
31   1   2   3
32   7   4   1
33   1   2   1
34   1   2   1
35   1   2   3
36   2   2   2
37   3   4   7
38   2   2   7
39   3   7   1
40   3   2   1
41   3   2   1
42   1   2   1
43   1   2   1
3
15   15   7   
48
1   4   4   1
2   4   4   1
3   4   4   5
4   3   3   7
5   2   4   2
6   2   3   1
7   3   4   1
8   3   2   1
9   4   4   7
10   3   2   1
11   4   4   7
12   4   7   1
13   4   7   1
14   4   8   7
15   2   3   1
16   4   7   1
17   3   4   5
18   2   4   1
19   3   2   1
20   4   3   2
21   2   4   2
22   2   4   2
23   2   4   1
24   3   4   7
25   2   4   1
26   4   7   1
27   4   3   1
28   2   4   7
29   2   2   2
30   3   2   1
31   3   2   1
32   2   4   3
33   2   4   7
34   4   4   7
35   2   2   1
36   2   2   2
37   4   3   1
38   3   4   7
39   4   3   1
40   1   2   1
41   4   3   1
42   3   2   1
43   4   3   7
44   3   2   1
45   4   4   2
46   3   2   1
47   1   2   1
48   2   4   1
4
15   15   7   
44
1   4   4   7
2   2   4   1
3   7   4   3
4   2   2   2
5   7   4   4
6   2   2   1
7   3   4   2
8   2   2   1
9   2   2   4
10   2   2   2
11   2   2   2
12   1   2   2
13   2   2   7
14   3   7   1
15   1   2   4
16   4   4   1
17   2   4   2
18   3   7   3
19   2   2   1
20   3   3   2
21   8   7   7
22   2   2   2
23   2   4   3
24   7   4   7
25   2   2   1
26   2   4   1
27   3   4   1
28   3   3   1
29   2   4   1
30   2   2   1
31   2   2   1
32   2   2   4
33   2   2   1
34   2   4   3
35   2   2   2
36   4   3   7
37   2   2   7
38   2   2   1
39   2   2   7
40   1   2   4
41   4   4   7
42   2   2   1
43   4   4   1
44   1   2   2
5
15   15   7   
38
1   7   4   7
2   2   3   2
3   4   4   7
4   4   3   1
5   2   4   7
6   2   2   1
7   1   2   1
8   4   4   2
9   2   2   2
10   2   3   4
11   2   3   1
12   2   2   1
13   4   8   7
14   2   2   1
15   3   4   7
16   4   4   5
17   2   3   2
18   2   2   1
19   2   4   7
20   7   4   1
21   2   2   1
22   3   4   1
23   2   4   7
24   2   3   4
25   4   4   7
26   2   3   2
27   2   3   3
28   2   2   2
29   2   1   1
30   4   4   2
31   3   7   7
32   2   2   2
33   1   2   1
34   2   1   1
35   2   4   7
36   7   4   1
37   2   2   2
38   4   3   7
