5
1
15   15   6   
46
1   1   2   6
2   2   3   1
3   1   1   4
4   1   2   1
5   2   3   4
6   4   3   1
7   3   7   6
8   1   1   1
9   2   3   1
10   1   2   1
11   2   3   2
12   4   3   1
13   2   1   1
14   2   2   1
15   1   2   1
16   1   1   1
17   7   8   6
18   1   1   1
19   8   8   6
20   1   2   1
21   2   2   1
22   2   3   2
23   2   3   1
24   1   2   1
25   1   2   6
26   1   2   1
27   1   1   1
28   4   4   6
29   4   3   1
30   1   1   1
31   2   2   1
32   1   2   1
33   1   2   2
34   2   2   2
35   1   1   4
36   2   3   6
37   1   2   6
38   4   4   6
39   2   1   1
40   2   2   2
41   1   2   1
42   1   1   1
43   4   3   4
44   2   2   1
45   1   2   1
46   2   3   3
2
15   15   6   
44
1   3   2   1
2   2   2   1
3   4   3   1
4   3   2   3
5   4   8   4
6   1   3   1
7   1   1   1
8   4   8   4
9   4   4   1
10   1   3   2
11   3   4   6
12   3   2   1
13   1   3   1
14   2   3   5
15   1   1   1
16   2   2   4
17   1   1   1
18   4   4   5
19   2   2   4
20   2   1   4
21   4   3   2
22   1   2   1
23   1   2   4
24   2   2   1
25   2   1   1
26   4   4   6
27   2   1   1
28   4   8   1
29   3   4   1
30   1   1   1
31   2   2   1
32   4   8   1
33   4   7   6
34   3   2   6
35   3   4   1
36   1   1   1
37   4   3   6
38   3   2   1
39   4   4   6
40   4   4   6
41   3   4   1
42   1   1   1
43   8   8   1
44   2   3   2
3
15   15   6   
40
1   2   3   3
2   2   4   1
3   2   4   1
4   3   2   1
5   2   4   6
6   2   2   6
7   2   3   1
8   4   3   2
9   7   4   6
10   1   2   1
11   1   2   1
12   2   2   1
13   4   7   5
14   3   2   1
15   4   7   1
16   4   4   6
17   3   2   1
18   1   2   1
19   3   7   6
20   2   4   2
21   4   4   1
22   4   4   6
23   2   3   1
24   2   3   3
25   2   2   6
26   1   2   1
27   3   4   6
28   2   4   3
29   1   2   1
30   2   3   6
31   4   4   6
32   4   4   1
33   2   4   1
34   4   3   1
35   2   4   1
36   4   4   6
37   3   2   1
38   1   2   1
39   4   4   4
40   2   4   1
4
15   15   6   
47
1   1   1   1
2   1   1   1
3   2   2   3
4   1   1   1
5   7   4   1
6   1   1   1
7   3   3   2
8   2   4   2
9   2   4   2
10   4   3   2
11   1   4   1
12   1   3   1
13   2   2   3
14   4   7   6
15   2   4   2
16   3   15   1
17   3   7   3
18   1   1   1
19   4   4   5
20   4   4   5
21   3   4   6
22   1   2   1
23   2   4   2
24   2   4   2
25   2   4   2
26   4   3   2
27   2   2   2
28   2   2   2
29   3   4   2
30   2   4   2
31   2   4   2
32   4   4   1
33   1   2   1
34   5   15   1
35   4   4   5
36   4   4   1
37   7   4   5
38   1   2   1
39   1   2   1
40   2   4   2
41   4   4   6
42   2   7   1
43   2   3   5
44   2   2   2
45   3   2   6
46   2   2   2
47   1   1   1
5
15   15   6   
49
1   4   7   1
2   1   4   1
3   6   4   1
4   2   2   1
5   1   2   6
6   2   2   1
7   2   3   4
8   1   2   6
9   5   8   1
10   2   2   1
11   2   2   1
12   3   3   1
13   4   3   6
14   4   4   2
15   4   7   1
16   4   4   4
17   3   7   4
18   8   7   4
19   2   4   2
20   2   4   6
21   3   4   1
22   4   4   1
23   2   2   2
24   2   2   1
25   2   2   1
26   4   8   1
27   2   2   2
28   2   2   1
29   2   4   2
30   4   4   3
31   1   4   1
32   6   4   1
33   7   4   6
34   2   4   1
35   4   4   1
36   2   2   2
37   1   1   1
38   3   7   1
39   1   1   1
40   1   2   2
41   4   4   1
42   5   7   1
43   4   4   4
44   2   3   4
45   1   2   3
46   2   4   3
47   1   2   6
48   4   4   1
49   3   3   1