5
1
10   10   8   
38
1   2   2   1
2   2   5   7
3   3   5   3
4   1   2   2
5   5   5   1
6   1   1   2
7   1   2   8
8   1   2   1
9   2   3   1
10   1   1   1
11   1   1   1
12   1   3   2
13   2   1   2
14   2   1   1
15   1   1   1
16   2   2   8
17   2   2   1
18   1   3   3
19   5   5   7
20   1   1   1
21   2   1   3
22   1   2   2
23   1   2   1
24   2   2   1
25   2   5   4
26   5   10   1
27   3   5   8
28   1   1   2
29   2   5   1
30   2   3   1
31   5   5   2
32   2   3   7
33   2   2   6
34   1   2   3
35   2   2   1
36   1   2   1
37   1   3   1
38   3   5   1
2
10   10   8   
37
1   3   5   1
2   2   3   7
3   2   1   6
4   3   2   5
5   3   3   1
6   3   5   6
7   1   1   1
8   2   3   1
9   2   2   3
10   3   5   1
11   2   5   8
12   1   2   6
13   2   1   1
14   2   2   6
15   1   1   1
16   2   3   1
17   1   2   1
18   3   2   1
19   3   3   1
20   5   5   1
21   3   5   8
22   1   2   1
23   2   3   1
24   1   1   1
25   2   5   1
26   1   2   1
27   1   1   1
28   3   5   8
29   2   3   4
30   2   5   2
31   1   3   4
32   2   3   1
33   3   3   1
34   1   2   6
35   2   5   2
36   2   2   8
37   2   2   1
3
10   10   8   
36
1   3   3   1
2   1   2   2
3   1   2   8
4   1   1   1
5   3   5   5
6   3   5   8
7   2   2   1
8   1   1   1
9   1   1   1
10   1   1   1
11   1   1   4
12   1   2   2
13   2   3   8
14   1   1   1
15   1   2   1
16   1   2   4
17   1   2   1
18   2   5   5
19   1   2   2
20   2   5   5
21   3   2   1
22   1   3   2
23   1   1   1
24   1   1   1
25   2   5   8
26   1   2   8
27   1   2   2
28   5   5   3
29   3   5   4
30   1   2   2
31   3   2   1
32   2   2   1
33   2   2   2
34   3   3   5
35   1   1   4
36   5   5   3
4
10   10   8   
47
1   3   3   1
2   1   2   1
3   2   1   1
4   1   2   2
5   1   2   3
6   3   5   6
7   1   5   1
8   3   3   1
9   5   5   3
10   1   5   1
11   2   5   6
12   2   5   8
13   1   2   1
14   1   1   5
15   1   1   1
16   1   1   3
17   2   2   3
18   3   5   5
19   2   3   2
20   1   1   1
21   2   3   1
22   1   3   1
23   1   2   3
24   2   3   1
25   3   2   1
26   1   2   1
27   2   3   3
28   1   1   3
29   3   5   2
30   1   1   1
31   1   1   1
32   1   1   5
33   1   1   2
34   3   5   1
35   3   3   1
36   1   1   2
37   3   5   1
38   2   2   3
39   3   5   3
40   1   2   1
41   2   2   8
42   5   5   4
43   1   2   1
44   1   3   2
45   2   5   1
46   1   2   1
47   1   1   1
5
10   10   8   
33
1   2   3   2
2   2   2   1
3   1   2   2
4   2   3   1
5   1   2   1
6   3   5   8
7   2   3   2
8   1   2   1
9   1   3   2
10   3   3   2
11   1   3   1
12   2   2   7
13   2   2   8
14   5   5   6
15   3   2   8
16   2   3   3
17   1   2   1
18   2   5   8
19   3   2   2
20   3   3   1
21   5   5   1
22   2   2   1
23   3   3   4
24   1   3   3
25   3   3   1
26   2   2   3
27   2   2   4
28   1   1   1
29   2   5   8
30   1   2   7
31   3   2   1
32   2   1   7
33   1   3   2