5
1
12   12   4   
30
1   4   3   1
2   1   3   3
3   4   1   1
4   3   3   1
5   12   3   1
6   4   1   1
7   8   1   1
8   2   3   2
9   1   1   1
10   3   3   1
11   3   3   3
12   2   1   3
13   4   1   1
14   3   3   1
15   3   3   3
16   6   12   3
17   4   3   1
18   2   3   1
19   8   1   1
20   1   3   2
21   2   2   3
22   12   1   1
23   3   3   3
24   1   2   1
25   2   3   1
26   3   3   3
27   8   1   1
28   12   2   1
29   2   3   1
30   3   3   3
2
12   12   4   
28
1   2   3   1
2   1   3   4
3   3   6   1
4   6   12   1
5   2   1   1
6   6   6   3
7   1   1   1
8   1   1   1
9   1   1   1
10   1   1   1
11   6   6   3
12   3   3   4
13   1   2   1
14   2   3   2
15   1   2   1
16   3   3   1
17   3   6   1
18   2   1   1
19   1   2   4
20   2   1   1
21   1   3   4
22   6   6   3
23   1   1   1
24   1   1   1
25   2   2   1
26   2   2   1
27   3   3   1
28   2   2   4
3
12   12   4   
26
1   3   6   1
2   1   3   2
3   1   2   1
4   3   6   4
5   3   3   2
6   3   3   4
7   3   3   4
8   2   3   1
9   3   3   2
10   3   3   4
11   2   3   2
12   3   3   1
13   3   6   4
14   2   2   1
15   1   2   1
16   1   1   1
17   1   1   1
18   2   3   1
19   3   3   2
20   6   6   4
21   1   3   1
22   2   1   1
23   3   6   1
24   3   3   1
25   3   3   1
26   3   3   2
4
12   12   4   
24
1   1   2   2
2   1   1   1
3   1   2   1
4   1   3   1
5   2   3   2
6   2   3   1
7   3   6   1
8   2   3   1
9   1   3   1
10   2   3   2
11   1   1   2
12   6   6   1
13   6   6   4
14   3   3   4
15   1   3   1
16   3   6   4
17   1   2   1
18   3   6   4
19   3   6   2
20   1   3   3
21   2   3   1
22   3   6   4
23   1   1   1
24   2   3   3
5
12   12   4   
24
1   1   1   1
2   1   2   2
3   3   3   3
4   1   3   1
5   2   3   1
6   3   6   3
7   2   2   1
8   3   3   1
9   1   1   1
10   3   6   3
11   6   6   1
12   2   3   1
13   1   3   2
14   3   6   4
15   1   1   1
16   3   6   3
17   3   6   4
18   1   1   1
19   1   1   1
20   3   3   4
21   3   6   3
22   3   3   4
23   6   6   1
24   1   2   1