5
1
10   10   7   
32
1   2   2   7
2   2   3   3
3   1   1   2
4   1   1   2
5   2   1   5
6   2   2   6
7   1   2   1
8   2   5   2
9   2   2   3
10   1   2   1
11   2   2   3
12   2   3   7
13   1   1   1
14   1   1   1
15   1   2   2
16   2   3   2
17   1   3   2
18   2   3   1
19   1   1   5
20   3   2   7
21   2   1   1
22   3   5   2
23   1   2   2
24   1   2   5
25   2   3   1
26   1   2   2
27   5   5   5
28   3   3   5
29   1   2   3
30   3   5   2
31   5   5   7
32   2   3   2
2
10   10   7   
38
1   2   3   2
2   1   10   1
3   1   5   1
4   2   1   7
5   3   2   1
6   1   2   1
7   3   5   1
8   1   10   1
9   5   5   4
10   1   1   3
11   1   1   2
12   2   3   3
13   1   2   2
14   2   5   1
15   1   1   1
16   1   2   7
17   1   5   1
18   1   2   2
19   1   2   1
20   2   5   3
21   3   3   3
22   1   1   2
23   5   10   3
24   3   2   2
25   3   5   2
26   1   3   4
27   3   5   3
28   5   5   2
29   1   5   1
30   3   3   1
31   2   5   3
32   3   3   1
33   1   5   1
34   1   1   7
35   2   2   3
36   2   2   2
37   1   1   2
38   3   2   3
3
10   10   7   
40
1   5   5   1
2   1   2   2
3   3   3   1
4   3   2   1
5   2   5   2
6   2   3   7
7   3   3   1
8   1   3   1
9   1   1   2
10   2   2   2
11   1   3   1
12   3   5   1
13   1   1   3
14   3   2   1
15   1   1   2
16   2   2   2
17   3   3   5
18   2   5   5
19   1   3   1
20   3   5   1
21   1   1   1
22   2   5   6
23   3   5   5
24   2   3   1
25   1   1   2
26   1   1   1
27   2   2   1
28   2   2   1
29   1   2   1
30   3   5   5
31   1   1   2
32   5   5   1
33   3   3   1
34   2   3   7
35   1   2   2
36   1   2   6
37   3   2   1
38   2   5   7
39   1   2   6
40   2   5   1
4
10   10   7   
49
1   2   3   1
2   1   1   1
3   1   2   1
4   2   5   5
5   2   5   5
6   2   2   2
7   2   3   1
8   1   2   2
9   5   3   7
10   3   2   1
11   10   1   1
12   1   2   1
13   3   5   3
14   10   1   1
15   2   2   1
16   2   3   7
17   2   5   1
18   1   2   1
19   1   2   1
20   1   1   1
21   1   3   4
22   2   2   2
23   3   3   3
24   3   2   5
25   1   1   1
26   3   3   3
27   2   2   1
28   1   1   1
29   1   1   1
30   2   3   3
31   5   5   1
32   2   3   2
33   10   1   1
34   5   2   1
35   1   3   1
36   1   1   1
37   6   2   1
38   2   2   7
39   2   3   2
40   2   3   5
41   2   2   2
42   3   3   1
43   3   5   1
44   1   1   1
45   2   1   1
46   2   2   1
47   2   5   1
48   2   2   1
49   3   3   1
5
10   10   7   
30
1   2   3   1
2   3   2   1
3   1   2   2
4   3   3   5
5   2   3   4
6   3   5   7
7   3   5   1
8   1   2   4
9   2   3   5
10   2   2   1
11   2   2   1
12   3   3   7
13   2   5   2
14   1   2   1
15   2   3   1
16   1   2   4
17   2   1   7
18   1   2   1
19   1   2   4
20   3   2   7
21   3   2   5
22   2   2   1
23   3   3   1
24   1   2   4
25   1   2   2
26   2   2   2
27   2   5   1
28   2   2   7
29   5   5   7
30   1   2   4