5
1
15   15   8   
43
1   2   4   1
2   7   8   1
3   1   1   1
4   7   7   1
5   2   4   1
6   3   7   7
7   1   8   1
8   2   3   1
9   1   1   1
10   4   7   8
11   4   8   1
12   8   8   1
13   4   4   2
14   4   8   1
15   2   3   5
16   3   2   8
17   3   4   3
18   4   8   1
19   2   2   8
20   2   3   2
21   2   3   2
22   3   2   1
23   2   2   2
24   1   2   1
25   1   2   1
26   1   2   5
27   2   3   8
28   4   4   8
29   1   2   7
30   3   4   7
31   4   7   4
32   8   8   4
33   1   1   1
34   1   2   8
35   1   1   1
36   2   4   1
37   4   8   1
38   4   4   1
39   2   4   1
40   1   2   5
41   2   2   8
42   4   4   5
43   7   4   2
2
15   15   8   
44
1   2   2   7
2   1   1   1
3   4   4   2
4   8   7   1
5   1   1   1
6   1   1   1
7   4   4   4
8   1   1   1
9   1   1   1
10   1   1   2
11   4   3   2
12   2   2   1
13   3   3   1
14   7   4   8
15   3   4   3
16   1   1   3
17   7   4   1
18   2   2   1
19   4   3   3
20   1   1   3
21   1   1   1
22   4   4   4
23   7   4   8
24   1   1   1
25   7   4   1
26   1   3   4
27   8   8   8
28   2   3   2
29   3   4   4
30   2   3   8
31   1   1   1
32   1   2   3
33   2   2   7
34   1   2   3
35   4   4   3
36   2   4   7
37   1   1   1
38   1   3   2
39   1   1   1
40   4   3   8
41   2   3   4
42   1   2   8
43   1   1   2
44   1   1   1
3
15   15   8   
39
1   4   4   1
2   2   3   8
3   2   2   2
4   1   1   1
5   2   4   1
6   2   3   8
7   1   2   1
8   7   7   8
9   4   4   1
10   2   4   1
11   2   4   1
12   2   4   3
13   4   4   8
14   1   1   1
15   1   2   3
16   1   2   3
17   1   1   1
18   2   2   1
19   2   4   6
20   2   1   8
21   4   4   8
22   2   4   1
23   4   4   4
24   2   2   4
25   1   2   4
26   7   8   8
27   2   2   1
28   2   2   3
29   2   2   3
30   4   4   3
31   2   3   8
32   4   4   8
33   1   2   2
34   2   2   3
35   1   1   1
36   1   2   4
37   1   2   3
38   2   4   1
39   4   4   3
4
15   15   8   
45
1   2   2   1
2   1   2   1
3   2   4   2
4   4   7   5
5   2   4   1
6   1   2   2
7   4   4   6
8   2   2   1
9   4   3   8
10   1   2   2
11   1   2   2
12   1   2   2
13   1   2   5
14   7   7   8
15   1   2   2
16   2   4   8
17   4   4   1
18   2   2   6
19   1   1   1
20   2   4   8
21   1   2   8
22   1   2   1
23   4   7   1
24   1   2   3
25   1   1   1
26   1   2   1
27   4   3   8
28   3   2   1
29   8   8   8
30   2   2   1
31   2   4   2
32   1   2   3
33   2   4   8
34   2   2   1
35   3   2   1
36   3   2   3
37   3   2   1
38   3   2   1
39   2   2   5
40   1   2   1
41   1   2   1
42   2   4   1
43   1   2   2
44   1   2   2
45   1   2   2
5
15   15   8   
53
1   2   2   1
2   4   3   2
3   1   2   1
4   7   4   1
5   1   1   1
6   3   4   8
7   1   2   1
8   1   1   1
9   4   4   8
10   4   3   1
11   4   4   1
12   4   4   1
13   1   2   1
14   2   4   5
15   2   4   1
16   3   3   1
17   4   8   8
18   3   4   8
19   1   2   1
20   1   3   5
21   1   1   1
22   2   4   8
23   1   1   1
24   4   4   8
25   4   4   1
26   4   7   8
27   2   3   5
28   1   1   1
29   1   1   1
30   4   3   1
31   2   2   2
32   1   1   1
33   2   2   1
34   7   4   1
35   3   3   1
36   1   1   1
37   1   2   1
38   4   7   8
39   1   1   1
40   2   3   1
41   4   3   8
42   2   4   3
43   1   2   1
44   7   4   2
45   1   2   1
46   2   2   2
47   4   4   3
48   2   2   2
49   1   3   1
50   2   4   2
51   2   2   2
52   2   4   1
53   1   1   1