5
1
10   10   3   
19
1   3   5   2
2   3   5   2
3   3   3   1
4   5   3   3
5   2   3   2
6   2   2   2
7   1   2   1
8   2   1   2
9   2   5   1
10   3   4   1
11   3   3   1
12   3   4   1
13   2   3   1
14   2   4   1
15   2   5   1
16   2   4   1
17   2   5   2
18   5   3   3
19   2   5   2
2
10   10   3   
21
1   3   3   2
2   2   5   2
3   1   2   1
4   1   1   1
5   5   5   3
6   1   2   1
7   1   2   1
8   1   3   1
9   2   5   2
10   3   5   2
11   3   5   1
12   2   2   1
13   2   2   1
14   2   1   1
15   1   2   1
16   2   5   2
17   1   1   1
18   3   2   3
19   5   10   1
20   3   3   1
21   1   2   1
3
10   10   3   
19
1   1   2   2
2   2   2   3
3   2   3   1
4   5   5   2
5   1   2   1
6   3   2   1
7   2   2   1
8   3   5   1
9   1   1   1
10   1   2   2
11   5   5   2
12   1   1   1
13   2   3   3
14   3   5   1
15   5   10   1
16   1   1   1
17   3   5   3
18   2   3   2
19   2   2   1
4
10   10   3   
20
1   1   2   1
2   1   3   1
3   2   2   3
4   1   1   1
5   2   2   1
6   2   3   1
7   3   5   1
8   2   3   1
9   5   5   2
10   5   5   3
11   1   1   1
12   3   5   2
13   2   5   2
14   2   2   1
15   3   3   2
16   2   3   1
17   2   5   3
18   1   1   1
19   3   5   1
20   1   1   1
5
10   10   3   
21
1   3   5   1
2   1   1   1
3   3   5   1
4   3   2   1
5   1   1   1
6   2   5   1
7   5   5   3
8   2   1   2
9   1   1   1
10   2   2   1
11   5   10   2
12   5   5   1
13   1   1   1
14   1   1   1
15   1   1   1
16   2   2   3
17   3   3   2
18   1   1   1
19   1   2   2
20   1   2   2
21   1   1   1