5
1
12   12   3   
27
1   1   1   1
2   1   2   1
3   3   6   2
4   3   6   2
5   2   3   1
6   3   3   2
7   1   2   1
8   1   1   1
9   3   3   1
10   3   6   2
11   3   3   2
12   5   6   1
13   3   3   2
14   1   6   1
15   3   3   2
16   3   6   2
17   1   1   1
18   3   3   2
19   1   2   1
20   1   3   1
21   5   6   1
22   1   3   3
23   5   6   1
24   1   6   1
25   3   3   2
26   2   3   2
27   5   6   1
2
12   12   3   
20
1   3   3   1
2   1   3   1
3   3   3   3
4   3   6   3
5   2   3   3
6   6   6   2
7   3   3   1
8   3   6   2
9   3   3   1
10   1   3   3
11   1   2   1
12   3   6   3
13   3   3   3
14   3   3   1
15   3   6   3
16   3   3   1
17   3   3   1
18   1   1   1
19   2   3   2
20   3   3   1
3
12   12   3   
19
1   3   3   3
2   3   6   2
3   3   6   2
4   3   3   1
5   3   3   1
6   2   3   2
7   1   3   2
8   2   2   1
9   3   3   1
10   3   6   3
11   2   3   1
12   3   3   3
13   3   6   3
14   1   3   1
15   1   3   1
16   1   3   3
17   6   6   3
18   2   1   1
19   2   3   3
4
12   12   3   
22
1   2   2   1
2   1   3   1
3   1   1   1
4   6   6   3
5   3   6   3
6   3   3   3
7   3   3   3
8   3   6   1
9   3   6   1
10   3   6   1
11   2   1   1
12   2   3   3
13   2   3   1
14   2   2   1
15   2   1   1
16   1   3   3
17   3   3   1
18   3   6   3
19   3   6   1
20   1   2   1
21   3   3   3
22   1   3   1
5
12   12   3   
21
1   3   6   3
2   3   3   3
3   3   6   3
4   3   6   1
5   3   3   3
6   3   3   1
7   2   3   2
8   3   6   3
9   1   1   1
10   2   2   1
11   3   6   2
12   3   3   1
13   3   6   1
14   6   6   1
15   3   3   1
16   3   3   3
17   1   2   1
18   1   3   2
19   1   1   1
20   3   3   3
21   1   1   1