5
1
15   15   2   
23
1   4   4   2
2   2   4   2
3   1   1   1
4   4   7   1
5   4   7   1
6   2   4   1
7   2   2   1
8   4   4   2
9   2   4   1
10   1   2   2
11   3   4   1
12   1   2   1
13   1   1   1
14   4   8   1
15   1   2   2
16   3   2   1
17   2   2   1
18   1   2   1
19   7   4   2
20   7   7   2
21   2   2   2
22   2   4   1
23   8   7   1
2
15   15   2   
20
1   2   4   2
2   4   4   1
3   2   4   1
4   1   2   1
5   7   15   1
6   4   4   2
7   2   2   2
8   2   4   2
9   7   7   1
10   3   4   1
11   7   4   1
12   4   3   2
13   4   4   2
14   2   2   1
15   2   4   2
16   2   2   2
17   4   4   2
18   4   3   2
19   1   2   1
20   2   4   2
3
15   15   2   
23
1   4   7   1
2   2   4   1
3   2   4   1
4   4   4   2
5   4   3   1
6   3   2   1
7   1   1   2
8   1   1   1
9   4   4   1
10   4   4   1
11   2   4   1
12   1   2   2
13   2   4   1
14   3   4   2
15   1   1   2
16   8   8   1
17   4   4   2
18   7   7   2
19   2   4   1
20   1   1   1
21   2   2   1
22   3   4   1
23   4   7   2
4
15   15   2   
21
1   1   1   2
2   4   8   1
3   1   1   1
4   7   4   2
5   1   1   1
6   8   7   1
7   4   4   1
8   2   4   2
9   4   4   1
10   3   4   2
11   4   7   2
12   2   2   2
13   1   1   2
14   3   4   2
15   4   3   1
16   2   4   2
17   1   2   1
18   1   1   2
19   4   4   1
20   4   7   1
21   8   8   1
5
15   15   2   
21
1   4   7   2
2   3   2   1
3   3   2   1
4   4   4   1
5   1   2   1
6   2   4   2
7   2   3   2
8   2   4   2
9   2   2   1
10   2   3   2
11   4   8   1
12   8   8   1
13   1   2   1
14   4   8   1
15   4   4   2
16   2   4   1
17   3   7   2
18   3   4   2
19   3   4   2
20   2   4   2
21   4   7   1