5
1
15   15   4   
31
1   1   1   1
2   8   7   1
3   2   2   1
4   4   7   3
5   2   4   4
6   3   7   1
7   1   2   1
8   4   4   2
9   4   4   4
10   7   4   3
11   3   4   2
12   3   4   1
13   3   3   3
14   7   8   1
15   4   7   3
16   4   4   3
17   2   4   3
18   2   4   1
19   2   3   1
20   1   1   1
21   1   1   1
22   2   2   1
23   2   4   1
24   4   3   3
25   4   4   4
26   3   4   3
27   4   4   4
28   1   1   1
29   2   3   1
30   1   2   1
31   2   4   1
2
15   15   4   
36
1   3   2   1
2   3   2   1
3   4   4   4
4   2   4   1
5   4   4   1
6   3   7   2
7   2   4   4
8   4   3   2
9   4   7   1
10   2   3   1
11   1   1   1
12   8   15   1
13   1   2   2
14   1   1   2
15   1   1   1
16   2   4   2
17   7   4   3
18   3   2   2
19   2   2   1
20   4   8   3
21   4   7   3
22   3   4   4
23   3   2   1
24   1   2   3
25   2   4   1
26   7   7   1
27   4   4   2
28   2   3   1
29   2   2   1
30   2   2   1
31   2   2   1
32   1   1   1
33   4   8   2
34   2   2   1
35   3   2   1
36   2   1   1
3
15   15   4   
24
1   8   8   4
2   2   3   2
3   3   2   1
4   1   2   1
5   2   4   4
6   2   4   2
7   2   3   4
8   1   2   1
9   1   3   4
10   2   2   3
11   2   2   3
12   1   2   3
13   7   8   1
14   2   3   4
15   7   4   3
16   2   2   2
17   3   2   1
18   1   2   3
19   4   7   4
20   7   4   3
21   2   3   1
22   2   1   1
23   4   7   4
24   2   2   2
4
15   15   4   
22
1   4   4   1
2   4   4   4
3   2   4   3
4   4   7   1
5   2   3   3
6   4   7   4
7   4   4   4
8   4   4   2
9   3   2   3
10   2   1   3
11   4   8   3
12   3   7   1
13   3   3   3
14   2   3   4
15   4   4   1
16   2   4   3
17   2   3   4
18   2   4   2
19   7   8   4
20   2   2   3
21   3   2   3
22   2   4   2
5
15   15   4   
29
1   3   2   1
2   2   3   2
3   1   1   2
4   1   1   2
5   4   7   4
6   1   3   1
7   2   2   1
8   8   8   4
9   4   7   4
10   4   4   4
11   2   4   2
12   2   4   2
13   4   3   4
14   2   2   2
15   2   3   1
16   3   4   4
17   2   2   2
18   4   4   2
19   3   2   2
20   3   3   1
21   3   4   1
22   3   2   1
23   2   2   1
24   2   4   1
25   4   7   1
26   2   2   2
27   3   4   3
28   2   4   2
29   1   3   2
