5
1
12   12   2   
38
1   2   2   2
2   3   3   2
3   1   1   1
4   2   1   2
5   1   3   2
6   2   3   1
7   2   1   2
8   1   1   1
9   3   3   1
10   2   2   2
11   1   1   2
12   1   3   2
13   3   3   1
14   1   1   1
15   1   2   2
16   1   1   2
17   2   2   2
18   3   6   1
19   1   3   2
20   2   3   1
21   1   3   2
22   1   1   1
23   1   1   2
24   1   3   2
25   2   1   2
26   3   3   2
27   3   6   2
28   1   1   1
29   2   2   2
30   1   1   1
31   2   2   2
32   1   2   1
33   1   2   1
34   2   1   2
35   2   1   2
36   3   6   1
37   2   2   1
38   6   6   1
2
12   12   2   
37
1   3   3   2
2   2   2   1
3   1   1   2
4   2   3   2
5   1   1   2
6   3   3   2
7   1   1   2
8   1   1   2
9   1   2   2
10   1   1   2
11   2   2   1
12   3   3   2
13   3   6   2
14   6   6   1
15   2   1   1
16   2   1   1
17   3   3   1
18   1   2   1
19   2   1   1
20   2   3   1
21   1   3   1
22   2   2   2
23   2   1   2
24   3   6   1
25   1   1   2
26   3   3   2
27   1   1   2
28   1   3   2
29   1   1   2
30   1   1   2
31   2   3   1
32   1   1   2
33   3   5   1
34   1   2   2
35   1   1   2
36   3   3   1
37   1   1   2
3
12   12   2   
43
1   2   3   2
2   1   2   1
3   1   1   1
4   2   3   1
5   1   3   2
6   3   6   2
7   1   2   2
8   3   3   1
9   1   1   1
10   6   6   1
11   3   3   1
12   1   3   2
13   1   2   2
14   3   3   2
15   2   2   1
16   2   1   1
17   3   1   2
18   1   3   1
19   1   1   1
20   2   2   1
21   1   1   2
22   1   2   1
23   1   2   2
24   1   3   2
25   2   2   1
26   1   1   2
27   1   2   1
28   2   3   1
29   1   2   2
30   2   1   2
31   3   3   1
32   1   1   1
33   3   5   1
34   1   1   1
35   1   1   1
36   2   3   2
37   1   1   1
38   3   3   1
39   3   3   2
40   1   1   1
41   2   3   2
42   1   1   1
43   1   1   1
4
12   12   2   
37
1   2   2   1
2   1   1   2
3   2   2   2
4   1   1   2
5   2   3   1
6   1   2   2
7   1   1   1
8   2   1   2
9   1   1   2
10   2   6   1
11   1   1   2
12   3   6   2
13   1   2   2
14   1   1   2
15   2   3   1
16   1   1   2
17   1   2   2
18   3   3   1
19   1   1   2
20   2   2   2
21   1   6   1
22   6   6   1
23   1   3   1
24   3   3   1
25   1   1   2
26   2   3   1
27   6   6   1
28   1   1   2
29   3   3   1
30   3   6   2
31   1   3   2
32   1   1   2
33   1   1   2
34   1   1   2
35   1   1   1
36   2   2   2
37   1   1   2
5
12   12   2   
37
1   3   3   2
2   3   3   2
3   1   1   2
4   2   3   2
5   1   2   1
6   1   1   2
7   2   1   2
8   1   1   2
9   1   3   2
10   3   2   1
11   1   2   2
12   1   2   2
13   1   1   1
14   1   1   2
15   2   1   2
16   2   2   1
17   2   2   1
18   1   1   2
19   3   12   1
20   3   3   2
21   3   6   2
22   2   2   2
23   1   2   1
24   3   5   1
25   1   3   2
26   1   3   1
27   1   1   2
28   1   1   1
29   2   1   1
30   1   1   2
31   3   6   1
32   3   6   1
33   1   1   2
34   2   3   2
35   1   2   1
36   1   1   2
37   1   3   2