5
1
12   12   7   
40
1   1   3   1
2   1   3   1
3   3   6   2
4   1   3   1
5   3   3   1
6   3   3   1
7   2   3   1
8   3   3   1
9   3   3   1
10   3   3   2
11   3   6   1
12   3   3   7
13   3   3   7
14   1   3   1
15   3   3   2
16   3   6   1
17   2   3   1
18   3   3   1
19   3   3   7
20   1   3   3
21   3   6   1
22   2   3   2
23   3   3   7
24   3   3   7
25   2   3   1
26   3   3   5
27   3   6   1
28   3   6   2
29   2   3   1
30   3   3   7
31   3   6   6
32   3   3   1
33   1   3   2
34   1   3   3
35   2   3   1
36   3   3   1
37   3   3   7
38   2   3   3
39   2   3   2
40   3   3   7
2
12   12   7   
39
1   1   1   3
2   2   3   1
3   2   3   7
4   2   3   7
5   1   1   3
6   1   1   3
7   3   3   1
8   1   1   1
9   1   1   1
10   1   2   1
11   1   2   2
12   1   1   2
13   6   6   7
14   3   3   7
15   1   1   1
16   3   3   1
17   1   1   2
18   3   3   7
19   1   1   1
20   1   1   1
21   3   3   2
22   1   3   3
23   2   2   1
24   1   1   1
25   1   3   4
26   1   2   1
27   3   3   1
28   1   3   1
29   2   3   3
30   1   1   2
31   6   6   7
32   2   3   3
33   1   1   7
34   1   1   1
35   3   6   7
36   2   2   1
37   1   3   1
38   1   2   4
39   1   1   1
3
12   12   7   
30
1   3   6   1
2   1   3   5
3   3   3   6
4   3   3   3
5   2   3   2
6   3   3   1
7   1   3   7
8   3   6   1
9   3   6   1
10   1   3   1
11   3   6   7
12   3   6   5
13   2   3   7
14   3   3   1
15   3   3   6
16   1   3   5
17   3   6   1
18   2   3   3
19   3   6   2
20   3   3   7
21   3   6   1
22   3   3   3
23   3   3   7
24   3   3   7
25   3   3   6
26   2   3   5
27   3   3   1
28   2   3   1
29   3   3   6
30   3   6   1
4
12   12   7   
39
1   2   2   2
2   2   2   2
3   3   3   7
4   2   3   1
5   2   1   7
6   1   2   2
7   1   1   1
8   2   1   1
9   1   3   2
10   3   6   7
11   3   6   7
12   1   1   2
13   3   3   2
14   3   3   1
15   1   2   2
16   3   6   7
17   6   6   1
18   1   1   2
19   1   1   1
20   3   3   1
21   6   6   5
22   3   3   2
23   2   3   1
24   1   1   2
25   2   3   1
26   3   6   7
27   1   2   3
28   1   1   2
29   1   1   2
30   2   2   1
31   2   2   3
32   1   3   1
33   1   3   7
34   1   1   1
35   1   3   3
36   1   3   1
37   2   2   7
38   2   3   1
39   1   1   2
5
12   12   7   
38
1   2   2   1
2   3   6   4
3   1   1   2
4   1   2   6
5   1   1   1
6   1   3   1
7   3   6   7
8   3   3   5
9   1   1   2
10   2   3   1
11   1   2   1
12   1   1   1
13   1   2   1
14   3   6   1
15   2   3   1
16   1   3   1
17   1   1   2
18   2   3   1
19   1   1   1
20   3   3   7
21   1   3   1
22   1   1   1
23   1   1   2
24   2   1   7
25   3   6   7
26   2   3   1
27   1   2   2
28   3   6   7
29   1   3   1
30   3   6   7
31   3   6   7
32   3   3   7
33   1   2   2
34   1   1   1
35   1   1   1
36   1   1   6
37   3   3   2
38   1   1   1