5
1
15   15   3   
31
1   1   2   1
2   4   4   3
3   2   4   2
4   1   2   1
5   2   4   2
6   2   2   1
7   3   4   2
8   1   4   1
9   2   4   2
10   3   7   1
11   2   2   2
12   7   4   1
13   2   3   3
14   2   4   2
15   2   3   3
16   2   1   1
17   7   15   3
18   1   3   1
19   1   4   1
20   2   2   1
21   2   4   1
22   2   1   1
23   2   4   2
24   2   4   2
25   2   4   2
26   1   2   1
27   2   2   2
28   2   4   2
29   1   2   1
30   2   2   1
31   4   4   1
2
15   15   3   
30
1   2   4   1
2   2   2   2
3   4   3   1
4   2   4   1
5   2   2   1
6   2   2   1
7   2   3   1
8   2   4   2
9   3   7   2
10   3   4   3
11   4   4   2
12   1   3   1
13   2   2   1
14   2   4   2
15   3   2   1
16   4   4   2
17   4   4   1
18   3   2   1
19   4   7   1
20   4   7   2
21   2   4   1
22   9   7   1
23   2   2   1
24   3   2   1
25   3   15   1
26   4   4   1
27   1   2   1
28   9   8   1
29   7   8   2
30   2   2   1
3
15   15   3   
28
1   2   2   1
2   1   1   1
3   2   3   3
4   3   5   1
5   2   3   1
6   1   1   1
7   2   2   1
8   1   1   1
9   4   3   1
10   4   3   1
11   2   4   1
12   7   15   2
13   4   4   2
14   15   5   1
15   3   2   1
16   4   3   3
17   4   2   3
18   4   2   3
19   4   4   2
20   2   1   2
21   2   2   2
22   4   2   3
23   4   3   1
24   2   3   1
25   4   2   3
26   4   2   3
27   4   4   2
28   4   5   1
4
15   15   3   
29
1   2   4   2
2   1   2   1
3   4   4   1
4   2   2   1
5   2   3   1
6   4   4   2
7   2   4   1
8   2   4   1
9   4   4   3
10   4   3   3
11   7   7   1
12   2   4   1
13   7   15   2
14   4   4   1
15   2   4   1
16   4   4   2
17   4   7   1
18   2   3   1
19   1   1   1
20   7   4   2
21   2   4   3
22   2   4   2
23   2   4   1
24   2   4   2
25   2   4   1
26   1   1   1
27   1   2   1
28   3   2   1
29   2   2   1
5
15   15   3   
28
1   4   3   1
2   4   4   3
3   4   7   1
4   2   3   2
5   2   4   1
6   2   2   3
7   3   3   1
8   2   4   1
9   7   15   2
10   2   2   2
11   4   3   1
12   4   3   3
13   15   2   1
14   2   4   2
15   1   3   1
16   2   2   1
17   2   4   3
18   4   6   1
19   4   4   1
20   4   3   1
21   2   4   2
22   2   4   2
23   4   3   1
24   3   7   1
25   4   4   2
26   2   3   3
27   2   4   2
28   4   3   1
